0.0
0.0
-23.68741469685689
0.2185256643359548
0.23143581861654144
0.08531634701097882
0.11533828024293875
-0.8194578708386298
0.875896204451963
0.7808220855668645
0.7207941159111347
0.7501025820865813
0.839909690194198
0.7710886238442185
0.16742422712991126
0.03884534793333169
0.03382590138199366
0.026550855357516168
0.043449978434888716
0.41803599523478246
0.8053620795804303
0.6636730481493714
0.6840604300103478
0.6719575758977572
0.6407922310255241
0.6672611425741447
0.7414769024740461
0.7190895533025301
0.7586543342683691
0.7112872370476371
0.691362061756762
0.38678795379226905
0.39711958565059013
0.8762373241519386
0.8659412035386577
0.8111990761835824
0.7786873217378439
0.8493792351544553
0.7828170123489078
0.8510481056600264
0.772123732707723
0.7408979354649496
0.44327012913208486
0.6786409139713349
0.6911502286837531
0.7891318353665341
0.7120845316299538
0.729074635239158
1.1250119998103882
1.1599333025683904
1.1461600587375937
-0.9456489363585273
1.4192141672292706
1.8749550266894501
2.05599145148454
2.3014310721285516
2.638507293285492
2.749886583634626
2.816471040688119
2.8178367429164353
2.8511984220637276
2.8808268730434685
2.896240536375501
2.9044424566508713
2.9151453976281823
2.874969536225934
2.866975687433635
2.957244611383083
2.9474995179291046
2.9554697953394267
2.1600421520950683
2.171417241135426
2.633787097784841
2.910338765077468
2.904186522073726
2.8919659624887664
2.9024058547159637
2.974665449501606
2.9855309951641185
2.9272945773509065
2.873585999219199
2.887816769733671
2.9068131051490296
2.88492982915701
2.7830795623048505
2.7688239262490932
2.7766515339840074
2.7714718945068126
2.754182726369452
2.8000359353580793
2.809442929163487
2.4654254128199145
2.456573436607241
2.3530180568397845
2.4373416632769884
2.38571225638672
2.3935327737792442
2.4018318218572428
2.2924110713042087
2.206094917162759
2.1457433331693165
2.353699832132408
2.3785607974527694
1.7265282921715324
1.6303165842735603
1.7204304556372727
1.7509086533027811
1.8883333457325653
1.9709745949631863
1.8844563527354161
1.831984578467974
1.9161023536544204
1.9146198841109803
1.8136484631659875
1.7713473106163955
1.130617042701083
1.3139662184939662
1.386275955645002
1.1434627023158108
1.1863983201478228
1.1000486857336946
0.9796499789319354
0.9406979258024287
0.8866109434366087
0.8333353706269826
0.788246659099959
0.9129887647114726
0.21414047514928347
0.16055337416561102
0.15698787282962406
0.04309490686908893
0.04690663403483728
0.04244950229848794
0.5406789400761434
0.5408377089879787
0.508157596345553
0.5833979669100363
0.47056299034479887
0.5251214137131818
0.02635299784152419
0.026807620990141494
0.05107816241917828
0.1878219375905257
0.2339917816184773
0.024439676124590828
0.025355427155220465
0.027243375164277273
0.02678779145251757
0.028581892980530748
0.038783205834831386
0.029196265065379822
0.20439271936824036
0.30777593794844266
0.40606549107509143
0.44973094324954443
0.5310239659418479
0.5867622491562706
0.5456018660933614
0.4965122925752753
0.07419602399060604
0.019359447081645158
0.04869082772727834
0.43937249568979864
0.33213347676975397
0.5609837587348819
0.6228537057324853
0.6554203322766687
0.6445001478074253
0.6094954530886307
0.6460056576381107
0.6049181597860745
0.6330240771669641
0.6737356400325416
0.7002452690203983
1.362452294677493
1.491482392684252
1.4400442742348738
1.7066515379310265
1.423877144065144
1.3064798884483872
1.3858570396480525
1.4126513485236116
1.3663230550284147
1.4325019163209465
1.539409217970492
1.7204164386106842
2.269579537334756
2.31827428601709
2.3458559575953926
2.4676551110633134
1.8539434206566199
1.6086039039159257
1.4989277918025454
1.4507991404949736
1.68959595468725
1.595220638380949
1.542668036990438
1.122046945459211
1.9244760076258094
2.304690730514086
2.2340857683217483
2.3472215045159106
2.289586711319343
2.3459753835081574
1.8405501370436055
1.8152929197740317
1.3019814225211197
1.5903719205682132
1.2647012078553561
1.321516314819913
1.2345754716604938
1.4183926489060474
3.289986055420932
3.3660905175946967
2.86581495372872
1.5170754353888016
1.9011545716443876
1.8998973955917824
2.832629585041675
2.3002110219566148
2.724123154254827
3.026110426898873
3.0383422567699983
2.2226939081950374
1.4220166160999974
1.4146955500606961
1.6193217245608702
2.183082846190023
1.7168069329990723
2.364270020288781
2.17560011153102
2.9029188515878723
2.741043304664074
2.7423385588950366
2.78972423944446
2.794716827148345
2.6982781096454183
2.7782132985751704
2.5992993695413698
2.5257651602239783
1.3429710164119466
1.9322036053976728
2.4097896796415563
2.408065817227441
2.3229618312130142
2.1467521492653354
2.10473921558437
2.1667286490483453
2.0149288407240635
1.6263110370436753
1.860425001456596
1.9764936448971522
1.9247490142459727
1.8050848216021411
1.2509561094511117
1.5652604664572531
1.3823657607907105
0.724389113290352
0.7625748954333762
0.7557495383678229
0.6309734399426395
0.5037414498961506
0.40296156501276503
0.3964826916216499
0.45063415304811316
0.4327640645141986
0.36481969972281136
0.3290947457772148
0.2944760413573696
0.2725753872154278
0.26307418182826925
0.23490542016141955
0.2173275113986481
0.1818993549768948
0.15704277370329472
0.13223394623672138
0.10071947397990424
0.05130751479728343
0.016385867926843184
0.022234053205460052
0.043182731115775086
0.06741283684568346
0.09498807718641696
0.1126276551927017
0.18904398648087836
0.21699449104934318
0.20992589201661935
0.23775749169363355
0.41819443607401086
0.4867562625076598
0.5882198698921357
0.6465010941186697
0.7050928203974046
0.6793302716734964
0.8786386213532148
0.9497699648730042
1.0323449594913052
1.088419053623803
1.1571064005369527
1.2217601618781264
1.286031698074226
1.3727500104740835
1.431803090633754
1.4923313483595861
1.4696276376097321
0.5555856317905141
0.6907419624734296
0.6530698330694609
0.6650294507380133
0.57354915664064
0.5156833620458148
0.6059989630377163
1.2957473950878389
2.2798130000798187
2.1951751709931773
2.0783994970714965
2.127574897593507
2.303478863120752
2.5880282987095624
2.565670903815982
2.5821536191789214
2.2816807274891904
1.052846740588178
1.3818145307706933
1.415891878619162
1.2374630067572507
2.5159569495922396
2.7599937768593796
1.9538989756736502
1.6410296120194827
2.250809291489699
2.9771835342467314
2.960096576251973
3.0291528448461444
1.7565097850655849
3.064160664784106
2.7898372398153386
1.8937840385587694
2.8101198554206777
3.037389305777723
3.1167299719495714
3.096202092906533
3.0161772820401604
2.7221359538888312
3.1561647890077835
3.199829906168132
3.1775352086137665
3.1658876601093464
3.132952828043379
3.1269029179988292
3.1328681835204635
3.1303179089395794
3.1040026348235346
3.066852365945263
3.0580471308667745
3.0512544673945707
3.0051393949888685
3.0122147541798494
2.935147140079169
2.9692551004846366
2.8586054471808193
2.947806072574056
2.9111486426908115
2.639135423945665
2.1991230941619357
2.898436181737665
2.2666116851949205
2.8196708183881016
2.5691742088292835
2.744400926096802
2.7905268100354945
1.7402227478252188
1.6636390445303018
1.7423578414111038
2.17003283220893
2.183159968212314
2.230358512389046
1.3971413132910213
2.041316472096295
1.3731320294914984
1.6019920438564867
2.05792916924905
2.167093596191364
1.8050468750354907
1.8465072405040817
1.1622538739136932
0.8450550130811091
1.4826157681107506
1.2254941719332064
0.7914171869173444
0.4710686699995239
0.7945827417875377
0.5593659595791173
0.7391411111008624
0.8788959583526714
0.7112457554292508
0.2315911543005587
0.19915413989393585
0.37466984027203193
0.2565751905993829
0.1752924026715945
0.16815909714397292
0.1329454717847824
0.14711898388871542
0.08379556879145793
0.0737353570504696
0.05284819703973986
0.01806532471972138
0.013743051040142363
0.048831768141369254
0.08003700624237996
0.0904794414743544
0.11131870836532054
0.1633415189293499
0.21898167838528854
0.2714666030479082
0.3275288883515652
0.38751231728484703
0.44056087061151655
0.4941248415235273
0.5590684775382501
0.64186088073143
0.7259632357676935
0.7077653307840827
0.8397712152184634
0.9314859982470329
0.9545673591509647
1.0621626829647846
1.1556471278423712
1.2313791432863417
1.2568423377074007
1.3576181007947488
1.4568645258092754
1.5102728199610695
1.5260153209368195
0.5861503366949204
0.5214733042812703
0.5255411471999905
0.5366424068854564
0.5513596587878223
0.5834832452376385
0.6304968192611086
1.8684982076303445
2.0809431203196787
2.165713217450945
2.067949590039236
2.3310072571129283
2.3050441979932157
1.9858596197580296
2.4009370612040644
1.54056778169139
1.7703943879530932
0.8586368521819765
1.4558636492733572
2.1218593199509126
1.1468412137801205
2.071788034312323
2.730035157944136
1.9466283574191474
1.5109968651219712
2.3014998296954827
2.8701723338421936
2.9248500576703376
2.927983831126231
2.96839642807265
2.960504585015853
3.0473775120029396
3.03758927561162
3.059534373537181
3.0760929613483676
3.091117072351089
2.8841239192692365
2.1236694665974927
2.063779658438275
1.1158807470608447
2.2467660684831476
2.9878562748553215
2.9804521171037064
2.94371679924745
2.987131681207267
3.035730754483235
2.9875586046877345
2.9746389984155313
2.967876859396513
2.9068350672091556
2.9099331518095046
2.8994693567651715
2.9052349097027146
2.8514774020739506
2.826096111112495
2.7964732245627753
2.7131149286210596
2.6836828361439085
2.632136522131952
2.545140238163428
2.497742999569624
2.4707395641461547
2.4174589649535183
2.408840304116644
2.3007450639190608
2.2211901633499633
2.1370644142713573
2.078818867485586
2.039713920818227
1.9716602420203397
1.9390130570893407
1.8721797112731362
1.7750959422949522
1.7115924056896898
1.5994292378218349
1.5839024652063824
1.5326579968171006
1.4540380681552048
1.4242228416492302
1.3583192318510122
1.329558751950701
1.270685004532698
1.1745778206014204
1.1092019239051167
1.055066351719705
0.9201312715777638
0.8710386875190587
0.8227756996686753
0.7372149917098472
0.6858964295630782
0.6352348868267795
0.5733816361400133
0.5048844465365149
0.4142952835747158
0.3315514719667892
0.2709562853361819
0.2033023698731732
0.16073573139614739
0.10792550353380628
0.0764506768700185
0.05557285579979019
0.027917307246669756
0.039549855529785675
0.07427446572212834
0.10552262989777403
0.14728572728975542
0.20320106205284214
0.25594787057339385
0.3159433002617228
0.37280435494537756
0.4298404615585255
0.48369109588680625
0.5412664147999379
0.5809575900683891
0.6679754254639949
0.7225011164576852
0.7482116823845701
0.7743885541468472
0.8106412579608354
0.8999913634660194
0.9707921935594952
1.0448645131305394
1.1168901930150978
1.1238633605337953
1.226279837240348
1.2905508232081768
1.3626429518828858
1.4315129233085668
0.7656134489728084
0.6744645190458106
0.6854411818955959
0.703552601248512
0.714167246590421
0.7255650485815907
0.7406486744622862
1.6970503339447207
2.01767563264301
2.0775975631356385
2.123737289990427
2.1751451182734933
2.210266898375807
2.2431411736562756
2.27116905570709
2.3132279354811573
2.3629816322178394
1.3617989224215667
1.4072084462147054
2.183469479132066
1.4248158844349763
1.606238921511703
2.345278037934852
1.9526637051462568
1.6140156114459896
2.2223216279652314
2.668478073216988
2.748552483217402
2.8130266302545848
2.8297122550220184
2.8519903211274547
2.9218428873200306
2.9451158938970554
3.0580060953156605
3.078579402090338
3.0939948374672896
3.012409152907349
3.0573062279902152
3.0663005797738494
3.110899105805478
2.9279460940423854
3.0575411840676927
2.271927031340473
2.68252870467962
3.13654882393014
3.196602422733631
3.1986459755269507
3.0801161240071417
3.091772788813399
2.9042174936480714
2.4356487329615653
2.181926876137544
2.875117029404818
2.8298940490332765
2.6161325758944334
2.474406260612468
2.8114845854954496
1.0898619292412235
0.7905246597025476
1.5119953873798502
0.9175720873010563
0.5736106929210052
2.0072248079392088
2.3858152297846265
1.9880269796598564
2.085357310327651
2.220591385871304
2.211756951179399
2.167328616251871
2.0019216193365126
1.9572852779696175
1.9662883848978927
1.9395833192222387
1.7783399418938448
1.6996112314117717
1.6899625437064791
1.6114398206739087
1.5527611361134641
1.4832695410933856
1.4149826720909167
1.3526279777682917
1.2920554623128042
1.2161898350888127
1.13865654372003
1.0633735370961472
0.9463989288683919
0.8745402532515693
0.8343004627204511
0.7629725701633133
0.6879694220400854
0.6372868891781903
0.552413658067514
0.5116270426137054
0.42424555615599097
0.3338138905585349
0.29802041824076053
0.24776129739294314
0.183362669897778
0.12301267806855956
0.08780671349740869
0.06320783896635733
0.03510026273052249
0.01553341727111254
0.03299193938777869
0.05048070468790586
0.06793057754976975
0.09580321058671039
0.12028155186232593
0.15188412274680832
0.1871796970190856
0.2189276959932703
0.2543136414959266
0.30029983520764997
0.3430858310486301
0.37517522493768674
0.40746696000641786
0.4541465398313779
0.5847486893503092
0.7535261779333255
0.7018876810208322
0.7866694003251523
0.8647409834391496
0.9245329212111333
1.4577636543275305
1.5430490298094732
1.5892835981648072
1.112714097161426
0.9353465665957321
0.8681120253075559
0.8609077074061576
0.8982393804477607
0.9316787176246836
0.9877111949896528
1.0404371243132888
1.4869104747220774
1.8056868658874896
2.206986617854853
2.1432061520857113
2.214194306491503
2.111034763094949
2.339675405101638
2.4137568728830145
2.460352231145145
2.4547681160516523
1.7011551152811606
1.4529929138260087
2.1735285558895163
1.7681456943000924
1.4912880405680742
2.030864649856611
2.026324668383989
1.6383893645919028
2.2583568668337612
2.5776056632190687
2.7734587598319527
2.828012232759455
2.8425179488428296
2.8763606851261274
2.886901011588129
2.8908190652607977
2.912907536400401
2.92606648215665
2.9234426198709813
2.9300433398919554
2.9762022247154896
2.9340220509214405
2.953315703535778
2.9430247747498672
2.9584785014862174
2.9508446221446234
2.921213216570342
2.961325883106683
2.8787626722877695
2.835439110768371
2.659430071773871
2.85277833247253
2.905994693933566
2.852845847054339
2.666376530425308
1.087573190790348
0.8221098584043826
1.8240627037324826
1.7835688566742045
2.2418923227764385
2.55228942465102
2.4770690574340235
2.5135379178428163
2.573794568028544
2.600165336122336
2.5534003867897725
2.4635976997282114
2.508166678074863
2.426097351765418
2.3138172576280875
1.6227665208024165
2.1232381901556634
1.8954711078720339
1.8450034091417733
1.8331693586779991
1.7561849867557826
1.8243535138788645
1.8313074778574165
1.663187587477686
1.3757258448969447
1.4913758293239185
1.4096770637206102
1.3008212336618672
1.218859036168918
1.1126803399293155
1.0285247772427584
0.9418403895749928
0.8746537231716236
0.8189625019362301
0.7592756347145624
0.711383017580965
0.6669534908829824
0.6404820123100512
0.5820122396492448
0.5088568451359253
0.4688202552500794
0.4254724836171
0.36697760804557683
0.31654241003256645
0.26591396530638584
0.19756707342544652
0.1473301501191701
0.11209627557532312
0.06973050643434368
0.034708104467266174
0.029035350847113398
0.05343839043937422
0.07430352703856147
0.0987156166759301
0.12660665033933036
0.17564982684399844
0.20018207416359768
0.2354196793453721
0.26369303817248374
0.302591186752198
0.28456495769544227
0.36312447823603394
0.41310140982398935
0.47062779349367995
0.6264726906158209
0.7438762240425634
0.8066962137506756
0.7400087425004438
0.7729962212070453
0.9698365784194481
1.0521511988403351
1.1200613077127053
1.1920560806523164
1.2601855264414177
1.332743056734588
0.8649780027054584
0.6951840805772177
0.7206898568934086
0.7351979021204053
0.7603237641790016
0.7974392449279721
0.8233325340786007
1.484329393549014
1.8758915339373108
1.9383452675093535
2.028246491309229
2.1104224213624083
2.1645339343433174
2.2043926115471337
2.2521214794910382
2.3194758709674153
2.389960312844415
1.7801320975880972
1.370035793911708
1.9356656864391069
1.9982383702331645
1.7168823666095168
1.5894675847690785
1.9005277184169131
1.5808232489147507
2.149602608448736
2.355514924168371
2.729764628074937
2.783873859989203
2.841656952018844
2.860897765377959
2.8471982691121798
2.889372051103104
2.908838659857025
2.926495698205392
2.92275261700535
2.9025811490986726
2.921708929306564
2.9229482734539523
2.941080758042856
2.969980725340254
2.9674627588569913
2.922905261828435
2.9267919845632746
2.9230241463861097
2.8962485642903113
2.8809359699822115
2.871496871676666
2.876056659436491
2.8645664779779794
2.871171599301438
2.844303218972014
2.8306019867189427
2.8124711589401707
2.771092251854244
2.7219006262872187
2.7083099646307547
2.656619145431439
2.6085611490953386
2.557574787484304
2.5619779229326327
2.5330461038222762
2.4659336134519703
2.40421412000953
2.1814832044166974
2.309754895496517
2.29532382823304
2.24370993351504
2.176915042868944
2.127910943560401
2.0650204524521105
2.00040214927404
1.9450175910708771
1.8880700581894578
1.8158557495726224
1.7455222627746776
1.6836529713547448
1.6135817669094032
1.5632118140831521
1.4856580437188884
1.4355330538509874
1.3549079803626038
1.2780594014207067
1.1896756029562567
1.137055410182229
1.057273246577018
0.949431190851196
0.9351071037856951
0.8627136398046645
0.7430946820877998
0.6624474313131476
0.5009418721203899
0.49830391391602846
0.4983255319108054
0.4140235832592833
0.3701270993507865
0.30163409239505695
0.22650323183723542
0.13015295068906335
0.08403732327978079
0.06632497925225878
0.03810906903033821
0.0321458174251365
0.05644705060913283
0.08775744792291404
0.12611229286932607
0.15058813944798816
0.1786197511346649
0.23833206394928177
0.24530165038787113
0.3123273094390064
0.401127078125598
0.4725561149474176
0.5443606171198274
0.5912878385366985
0.6020090096711607
0.7002461969039847
0.7035040313161256
0.695999833231392
0.7324016012269334
0.8533954779697961
0.9724482934495303
1.0881264275146754
1.1822587631425865
1.265151134581466
1.3297313319955943
1.4068069856288488
1.4723097884150533
0.8870931686059612
0.5907399764467886
0.6050851802697449
0.6119921084849775
0.626346717892016
0.6405196848837333
0.6510580664363788
1.4002542606687987
2.038579158655448
2.0702758351444377
2.137647450573882
2.21216896609458
2.289744701896219
2.358823940486732
2.4285097631509727
2.4113187150828757
2.449952763378671
2.069589873976449
1.281708103898184
1.8256461110697637
2.0463369816681545
2.158776616030825
1.6103447990346478
1.5791575576838033
1.5331698192755872
2.0746110352964786
2.240954259577966
2.8084703080075424
2.80853320028766
2.7949721900317983
2.8275524355274855
2.8238442638569157
2.8012230876424735
2.834136228401202
2.8745476640042678
2.847021605670116
2.8320404615495525
2.8997275690303552
2.8723840577830635
2.86002138249421
2.885143896415299
2.8627762427716292
2.8603046560351006
2.840661386695205
2.8266128790798124
2.8633117470414784
2.8744801525957975
2.8309173362308617
2.829541569859645
2.8432269159855306
2.8217855404872774
2.8207157473744227
2.776435326296312
2.722565316127816
2.7029852092502344
2.6769094700951865
2.6598034334645915
2.6433100985679134
2.594625319661979
2.552641925691762
2.491000147115536
2.4465336725200726
2.4025797221139205
2.3680278023409884
2.317034035309422
2.2549415563488218
2.213152590828836
2.1535049319870194
2.1129624279520787
2.054627492657675
1.9963015242058408
1.9105327148360378
1.89313126636645
1.8326269424323707
1.7542355646743666
1.6877867182618815
1.6286748887131968
1.5520620491203483
1.4980453124986557
1.4255678163538652
1.3644487266866954
1.2922656727986321
1.2282848011035958
1.175257455624587
1.0803629250506777
1.0189583024814832
0.9085888086696186
0.8705366694216493
0.8073952888239686
0.731643251752572
0.6800287732489991
0.6109142510616189
0.5486850866502595
0.4727365549869962
0.41833666503340156
0.3572738247406564
0.3071085351908894
0.23535532378219626
0.15004756854663723
0.1039577203039079
0.09347336076996987
0.06532679508997638
0.03378110456239769
0.02337714893250128
0.035848714945152425
0.056710295591920486
0.08803158152921549
0.11232077840021405
0.1439150004130436
0.1894774689012529
0.24589025384124463
0.29549316297495626
0.3523458688763497
0.40946334563209075
0.4776576809222087
0.5427589726337414
0.6040330451306193
0.6553299713894838
0.7284994102289959
0.7909586674396197
0.8608508578126842
0.9278325857996952
0.9792986472521288
1.0502239437502148
1.114537492665355
1.1894728698068646
1.2563162501885767
1.3366247691378967
1.3927016165768031
0.9412261213886361
0.6061628186713645
0.620537683499171
0.6423997190660233
0.635309651828006
0.6500974045266479
0.6610609348595629
1.298650839347886
1.9598884504045166
2.0262636409205967
2.065995066816144
2.1396161136491716
2.197847107498129
2.2555823592000253
2.35147864120077
2.3802034559513703
2.4480232002702778
2.284397292922032
1.2413052334521972
1.6590408959762004
2.067272099046761
2.3514761870947707
2.1400549834411815
1.4043337810183232
1.4796302743087626
2.006849268104707
2.1347676685334336
2.813785063035633
2.87746629211336
2.918041136175114
2.944550577517478
2.9522609959150663
2.9397102952295673
2.9849619132124383
3.000067728980236
2.9951425088087875
3.0052122767086624
3.006502756248407
3.0204607085218877
3.0130459592429193
3.001859953064333
2.9831617652393154
3.0181835952708522
2.987090543526744
2.9570697546438613
2.972207596814281
2.972283353552714
2.940985744425093
2.9259425413619855
2.9070915193810967
2.893967039727944
2.865856257179585
2.8323079872557817
2.802492628127297
