0.0
0.0
0.6259438952097576
0.4590420717025293
0.44957072409903587
0.4207360104699518
0.4294919394455503
0.5634281119592295
0.48133694330068266
0.4702530252388364
0.465866835839325
0.4407998722312829
0.4528853593513853
0.45219635523920676
0.39488263357157205
0.40097585836413785
0.4072447625032547
0.4056296689191896
0.415437105530688
0.44732671236205057
0.47725245483975254
0.46468947906396085
0.46422863688385174
0.46307369541674825
0.470080173509841
0.4752191356205917
0.4811968184048965
0.4794902097963356
0.4816902721842067
0.475191021778091
0.4718814324843219
0.44482033452214864
0.4498671381374648
0.4403189655023554
0.4545597759266744
0.4538551296203679
0.45382786700772537
0.46161667380515237
0.4591320214702439
0.46576683355782045
0.46267149459477896
0.458226648533683
0.4340479542477016
0.4550538156706574
0.45667316279431935
0.46630431820194407
0.4603876458712305
0.4617718595605924
0.5009745342945058
0.5030266814565929
0.49770941444101857
0.5731849114764406
0.5468380537856727
0.5361281499273087
0.5238452574885692
0.5444029976064862
0.5327952812127208
0.5253020914542506
0.5214590243975479
0.5171817371858113
0.5153978592341341
0.513984790033863
0.5126351741947435
0.5114201149699243
0.5109778224227679
0.508003806388069
0.5070984625367159
0.508304769552404
0.5069658223919836
0.5074064671993046
0.488680959047148
0.48903270759509426
0.49976568358462314
0.5060550821497121
0.5054516734216192
0.5052988684170365
0.5055523639374251
0.5069203432449825
0.5065794816713838
0.5061091559419124
0.5034775980379398
0.503434738529603
0.5036199896797454
0.503041415251554
0.5020751064924238
0.5023578465739422
0.502230219385149
0.5016817708219952
0.501711920277978
0.5016675212667826
0.5016803917470382
0.4926838235659308
0.49249953707519695
0.49006433451613407
0.4921324739714963
0.4910835180842294
0.49144958327019467
0.49186303102893775
0.48958913640534396
0.48796911122035425
0.48820009378059387
0.4934548774712202
0.4937675593373268
0.47760099471810424
0.4754102999005948
0.4773066933708917
0.47812214566775013
0.4813052992570263
0.48319190692084973
0.4815776936849639
0.4804825897737621
0.48218045344325333
0.4812400000634888
0.4789505218688878
0.4785719306923011
0.4632777842198508
0.46843357374530376
0.47042278919665104
0.4648779543138891
0.4664040248451835
0.46482055206006695
0.4625996590093692
0.46236803202761806
0.4619764000270623
0.46137659310076085
0.46160201654963123
0.465533075865601
0.4521682758777555
0.4493711205753449
0.4483246301344993
0.44499183677096144
0.4429441799581795
0.4410433898605704
0.4514870686892363
0.452388860990755
0.45243766316760076
0.4549703743762732
0.45398201512482916
0.4560756045857036
0.4458052266638619
0.4424157380782009
0.4401100237386695
0.44192504037024427
0.4433138305442263
0.4387748955440805
0.43663974169637926
0.43491382193781547
0.43328856193243204
0.431917685606873
0.430078890766461
0.4288242346294839
0.44373781337629503
0.44598487520546565
0.4486054393446324
0.44938581216655443
0.45161010129548634
0.4532732712833652
0.45100505204960584
0.4497774705047879
0.439541758109658
0.4372703935877386
0.4367577850689845
0.44671740359520196
0.4438493309062122
0.44985991366086225
0.45146634342622355
0.45237426116973856
0.4521999876319375
0.45147612555771927
0.4525786822911636
0.45155942813689587
0.45250942558556667
0.4529073982146727
0.45397549576402096
0.4694420347835607
0.4720418826888908
0.47127010048321005
0.47782675491379634
0.4716957460037855
0.4690848473266033
0.47107908406366356
0.4720750356782091
0.4707183540062717
0.47231943543567195
0.4746931746645844
0.4787449525608792
0.49257206843163875
0.4932850769630527
0.49398587816516515
0.49638581415419125
0.4836500301013428
0.47801802730738724
0.47450208300500973
0.47354299834182445
0.4794043564046344
0.47723842119827997
0.47644795059635187
0.4671997819012603
0.48548413854357464
0.49468350972552466
0.49353242226480915
0.4951402581460102
0.49354436117283096
0.4959161539116224
0.4849027779976102
0.4840922898571616
0.4711538373134614
0.4777285192525995
0.46965218110708185
0.4715047779172738
0.4687575939805601
0.47302222060773813
0.5149229179677248
0.5165549075954075
0.5048890218366853
0.4761961288216701
0.48482297587185386
0.4837831653322194
0.5053783668193765
0.4935455471177203
0.5034378673704069
0.5096329235436244
0.5081291722037056
0.49034242955331564
0.4730286368198461
0.47254599672443526
0.47734481643127347
0.4897638696606803
0.47942175549559995
0.4937932291752805
0.4895827271630875
0.5053403893710038
0.5014157279589192
0.5012042819702439
0.4991908956938535
0.4991793032520532
0.4981914603680257
0.4999785181760924
0.49588416638021227
0.49480947575511625
0.46925382013562567
0.4822545324477467
0.49267839862273466
0.492002900059169
0.4889286357234792
0.48517511653310563
0.4820892236598778
0.48396848727113084
0.481223901178196
0.47350841010082206
0.4794649336198443
0.48261760458733194
0.4819156624234576
0.47981924207203164
0.4673408090660337
0.47481927932227097
0.47084940237596634
0.4553070039735083
0.45517573208708684
0.45518921413197755
0.45256353830865426
0.4498236261481641
0.44764859815774355
0.44747551620130604
0.4492559200679108
0.4492364450384782
0.4478690918472802
0.44731838134889085
0.4466805014861052
0.44653906919281133
0.44663569533602154
0.4464136579921246
0.44640145449297136
0.4458252144474014
0.445323081397105
0.444670751489286
0.4438275606778965
0.442113334849989
0.43991672092609097
0.43916028573137184
0.43885584890755497
0.43883531240710394
0.4390145789094632
0.43929495632317367
0.441108103530377
0.44179702153137795
0.44151965745315663
0.4421466832182833
0.4470645101716731
0.4491491191020302
0.45200806932877347
0.4536244093514183
0.45524317564172245
0.45462405835407127
0.45985276416182275
0.46176573923942865
0.46391861632879033
0.4653312023498313
0.46716079636663743
0.46882204035366487
0.4704136129683846
0.4725100673342508
0.4740926778396417
0.4755553384551638
0.4750520005759137
0.4520521823084989
0.45567831812502657
0.45462743885494633
0.45514506514621045
0.4527997051327908
0.45137243097524204
0.45374269866332195
0.47107985733038893
0.4949094624474635
0.4928540659779487
0.4900453856716071
0.49122035884088056
0.495458259229984
0.5023338231399892
0.5017454782870676
0.5020826444687291
0.49475213301734844
0.4650039582842242
0.47309591793855793
0.4739559599625832
0.4696625788730556
0.5005686049682253
0.5065352181035382
0.4868796562118664
0.4794211571167256
0.4940027941034808
0.5119068552140414
0.5112706623678056
0.5128016761338838
0.48194758359670264
0.513436743012327
0.5065863897029723
0.4850398273353239
0.506870377876965
0.5123652825326784
0.514253529185178
0.5135770175128908
0.5112348644672313
0.5040118729670596
0.5144969841114646
0.5153872060603739
0.5148594103259341
0.5142011449174673
0.5132038834640094
0.5128090179568681
0.512857840899174
0.5125604131726427
0.5118108964651761
0.5108094414038422
0.5103427584045838
0.5100463809547572
0.5089186025968779
0.5088884768028483
0.5068959002704321
0.5076000084137825
0.504978213534455
0.5069132055540526
0.506011662616643
0.4998884932233574
0.49023879277967863
0.505636499122792
0.4916992924940186
0.5038411528655447
0.49833392304067214
0.5021546299628065
0.5031429653019805
0.48035033558074036
0.47876158957875714
0.4805366248355213
0.48989726471454975
0.490241530072817
0.4912890294876905
0.47307864274776273
0.487323105555879
0.4728320549667696
0.4779266087108922
0.4878710052587225
0.49034694420346114
0.4826700215867112
0.4835301937253521
0.46837617867654757
0.4611244163153244
0.4757298173528739
0.47022135513751767
0.4605009230309426
0.45284791966912474
0.4605771137177328
0.45538579408941304
0.45948879032775136
0.46318933140865165
0.459464708249019
0.44801936714053303
0.44688907587746063
0.45144964564199097
0.4487044044026389
0.4469805973678701
0.44671079239363126
0.4458433510247747
0.44614684815329586
0.44446220021086036
0.4443903831019846
0.44368892296323403
0.4425196929263865
0.4389599658972076
0.43890296850935967
0.43903275629273913
0.4388111365828554
0.4389640420323898
0.4400366705771932
0.4412646048049156
0.44256889682739464
0.4438685378294305
0.4453702475848501
0.44665463400398286
0.4481011033994779
0.449958127777768
0.45200671256308245
0.4543247254171539
0.4539622084310676
0.4573240772094491
0.45949987748650395
0.46031327385483584
0.4629031056503552
0.46518213617324194
0.4671152151115144
0.46764391028074026
0.4699247547207515
0.47237282534195835
0.4736793827814923
0.4741326708762592
0.4511976120541679
0.44966563220716366
0.4499658600488725
0.4503993626421169
0.450910437937584
0.45168576564594204
0.45291397440827624
0.4823161773553014
0.48745754956294823
0.4894218587241823
0.4870895401642764
0.49325088298936204
0.49264265366628285
0.48524673308117017
0.49485918636020054
0.47467618558354596
0.48029064481877415
0.4588253138120407
0.4730367298625658
0.4882575134586071
0.46552972854675256
0.4872518164955807
0.5026313361399102
0.4843647075821409
0.4741735284908394
0.4925082263911297
0.5059709858755053
0.5072100150042487
0.5071615680993742
0.508039674327799
0.5077090345771718
0.5097090315995961
0.5093010137516696
0.5097007632089875
0.5099800783432282
0.5101765470642887
0.5050111064757739
0.487355524845427
0.4858781790710166
0.4641574645515068
0.49018946938274843
0.5073297810344832
0.5070590859785853
0.5060065357112125
0.506963053815872
0.5080643775555811
0.506772336369071
0.5062732089070769
0.5059889968810505
0.504495145065941
0.5045259559647827
0.5042814335083827
0.5045431244679195
0.5033086464133764
0.5028111971804177
0.5022341494052505
0.5003665769595327
0.5000239300889928
0.4988257805909925
0.49701496150909746
0.49575857765238235
0.4953653044783195
0.4942800209162348
0.4942657888325498
0.49204002758039816
0.4902680611620356
0.48862744193296115
0.487131439064341
0.48662176368666454
0.4850528291727907
0.48460023255021084
0.48315448421585805
0.4811412827314275
0.47965887558889564
0.477301228912946
0.4769802079281948
0.47575649248167967
0.47440570380416563
0.47393365400295484
0.4724328062915488
0.4721606054401253
0.4706454121726818
0.4683881999463044
0.4675953172635211
0.4661676899142264
0.46330249467598944
0.46209378158224873
0.46108666639382356
0.4590803808493959
0.4580584746714138
0.4572527789248815
0.4560561718239914
0.4549066799383271
0.45288893513243034
0.45103047276449965
0.44981871139031393
0.44819907800596437
0.4470714121000976
0.4457976105354221
0.4450603783214768
0.44451931926724225
0.444026084735893
0.4403091875465123
0.4409056948161666
0.4414436960876552
0.44230321694697056
0.4435618713646118
0.4448459160588921
0.4462599138851549
0.44767857905039704
0.449038681386097
0.45038850299592237
0.4517607178591115
0.4526945787619018
0.45470248891158194
0.45592345106082977
0.45657934750202733
0.45736978026348263
0.4580829347344373
0.4603533503659315
0.4620463409295903
0.4636280307813686
0.4654451330920607
0.4655207192870866
0.4679638311905773
0.46940507046487456
0.4710183731083629
0.47260506071842046
0.45706739459754164
0.45506294675998604
0.4553664021853351
0.455780639459168
0.45596572838544625
0.4563879621658642
0.45688984412783745
0.4787070405095152
0.4859705710744494
0.48713216796102
0.48811836587011076
0.489302946375227
0.4900846638165677
0.4906929989048444
0.4913554117242227
0.492246983435181
0.49331151179709176
0.47111828632759695
0.4726020671096165
0.4900179427656295
0.47330946677095687
0.47738239591774967
0.4936522560344649
0.4850228677807512
0.47757976078842396
0.49114436017339735
0.5008830008664644
0.5027091185197281
0.5041834077439855
0.5045613346125992
0.5049969127476321
0.5065189772372001
0.5069960079143985
0.509429041244034
0.5098572048125051
0.5101470190699016
0.5082385049214413
0.5092416750793061
0.5093446688749662
0.5102634216068507
0.5061663726289645
0.5089085834226754
0.49176407022166335
0.5007299007002971
0.5106618717988858
0.5118982211304532
0.5120333980816467
0.5093378470002915
0.5095437498836374
0.5054458134254287
0.49535607714081287
0.4898992817929094
0.5048641397810039
0.5038141294065906
0.49929128687848934
0.4962956961298469
0.5035371860346545
0.4663851819763721
0.45970003779343005
0.47582320723083177
0.4627200539176385
0.45475154982546784
0.4866628734213959
0.4948032629158767
0.4863252305749752
0.4885782297600007
0.49148041321630476
0.4915072727877284
0.4905572855597555
0.4871891978639217
0.4861913397290527
0.4865043005321579
0.48606127641639607
0.4827378477926559
0.4810894389098119
0.48117071783676524
0.47952942967175854
0.4783131179061896
0.47696048145602055
0.47580303000176283
0.47445572964134475
0.4734250148088789
0.4720735116152197
0.47026764729744197
0.4689267439801341
0.4665937010235762
0.4650112516533945
0.46454707067478546
0.4629645478543857
0.4611328179361109
0.4605778819760399
0.4587191103563035
0.45763322775323606
0.455829811231221
0.4539305258132676
0.4533684253675225
0.45228786631986423
0.4507560239074478
0.4494277262848475
0.44878580733393
0.44815688234968043
0.44720723846745175
0.44189804048307313
0.44206236884044664
0.4423710898897113
0.4426499385924284
0.44314615414154634
0.44366710354449646
0.4444642662967697
0.4454485572322644
0.4462100851205393
0.4470733390215807
0.448053365466147
0.44911164938051595
0.44983592259317656
0.4506410837608681
0.45172179004461366
0.45489242113003614
0.4588625066634943
0.4576666940908223
0.4596240878774888
0.4614830612289276
0.4629034439377433
0.47513085229818663
0.47706612309752855
0.4780512103438705
0.46725316494568647
0.463098569642752
0.46155203408231565
0.4614800826878401
0.4623755813316316
0.4631054230026957
0.4643548440506302
0.4655928870848218
0.4756294583314113
0.4826953883113474
0.4915764311042871
0.49011560910107377
0.4916900213800205
0.48935582168741587
0.49441022769288445
0.49598995567339926
0.49725901978741627
0.4970152814684324
0.48054136515896007
0.4750625251542842
0.49109213790069495
0.48213468999414766
0.475886933883792
0.48791892293267436
0.4877636791942177
0.4791489321521646
0.4928506863325632
0.49991497163868803
0.5042648945503113
0.5054659149442736
0.5057109480505768
0.5063900288430807
0.5065437289400696
0.5066010244876251
0.5070146161082478
0.5071752795579829
0.5071336461798168
0.5071980900389426
0.5082050018892982
0.5072200794825144
0.5076204242518088
0.5074031040393086
0.5077197648781347
0.5075168643457372
0.5068734659232005
0.5076407853079932
0.5058630457275023
0.5050304735454523
0.5011400296852647
0.5052825685101328
0.5063899396167995
0.505234869785008
0.5011674787585362
0.4662535674775754
0.46025638179299233
0.48281770220091996
0.4822526893720216
0.4923613357601811
0.4992093051285605
0.49757862448798423
0.49842589256633885
0.4997885917395615
0.5005256209684763
0.49956775213190296
0.49774388528467384
0.4987665348355249
0.49711757608722
0.49465197368647135
0.479788373423593
0.49100601271038885
0.4864219146276174
0.4854932427177811
0.48527343930652
0.4833683042265684
0.4850223381445099
0.48507399505695753
0.4816361857362364
0.47561477898652127
0.47800706736309195
0.47623455877649334
0.47459438967980105
0.4725945757464851
0.4705692970627489
0.46864605224604383
0.46689104505687046
0.46565957065050717
0.46469722794696494
0.46347869882665604
0.4626993382699687
0.4618311807519145
0.46102598718679744
0.46008935378209465
0.45871822457221917
0.45802672596182575
0.45743768744876234
0.45592649702212484
0.4550546380454985
0.45377840190993274
0.4519511639596969
0.4502179833391673
0.44977349622650137
0.4488142021635519
0.4483249590481094
0.4415782776665522
0.44207006991479
0.44235102024786327
0.44284305286217357
0.4433580847251215
0.44452220588028235
0.44500512832629463
0.4458589286822168
0.44655082588966444
0.4474160032295798
0.44669028642185654
0.4489104600432582
0.450056077093797
0.4514787945332169
0.45518074086944343
0.45801613507665156
0.45953323080331826
0.457885107651881
0.4586034931045781
0.4631756389030916
0.4650288315477226
0.46662420230139956
0.4683058824876643
0.469804249321027
0.47148146385593176
0.46065749302242853
0.45666253711531485
0.45720727245507037
0.4574913859966167
0.45785434820355286
0.45884611843720874
0.45948333015932097
0.4746537671529195
0.48345750706725005
0.48485723428276284
0.4868658581546123
0.4886991118207154
0.4898324052926518
0.4907964440620626
0.49193288679803937
0.4935044881773348
0.4950726990978073
0.481577983921128
0.47226857811064427
0.4849931678436673
0.4863921362608912
0.48004029921009655
0.4772662674833127
0.48424203496738216
0.4769324843087964
0.4896552585306515
0.49445206225656
0.5028091245603992
0.5040133288030482
0.5052994805312419
0.5057134369847711
0.5052536782929682
0.5061854376638308
0.5064174700938656
0.5069117826894778
0.5067973746734334
0.506248945719932
0.5066540461676321
0.5067156605067439
0.5068565819092106
0.507784025967662
0.5077539318809747
0.5067742622967237
0.5068338791483498
0.5067207602340278
0.5060911736329432
0.505723187323222
0.5051786379539025
0.5055052069531702
0.5052264021343023
0.505291551347772
0.5046670972247581
0.5042148029476992
0.5038540290996544
0.5029798767987963
0.5022000993565476
0.5020195930625235
0.5008068621813365
0.4999459130468383
0.4988265968640367
0.4992566835710767
0.4988283402887773
0.4973691601831188
0.4965215209634736
0.4916383914387353
0.4945651244959879
0.4944024891757099
0.4932969491180995
0.49193525048254777
0.49117988787882266
0.4899097128821842
0.48837543644708387
0.4871880905939371
0.4857341897353619
0.4845594541887465
0.48311925080016305
0.48194118220130094
0.48050477561240723
0.47949936844003366
0.47789212539062864
0.4768887714314884
0.47529160518843866
0.4736916357000538
0.47174024248057134
0.47084614267075714
0.4691656634681995
0.4674633982362131
0.4674525777507758
0.4655784032316666
0.4629658624136546
0.46170540171596325
0.45846309231348986
0.45911991641410926
0.45917914297168894
0.457157086630627
0.4559613776761187
0.4546592570688704
0.4534773652645111
0.4515433244932242
0.4505299235438671
0.4498294478857657
0.4489401817677995
0.441265454257353
0.4415738315879579
0.4422037561401015
0.4430550674667758
0.44359633156618766
0.44424295423562493
0.4455884808316463
0.4456486066613712
0.4470941747780055
0.4490829561423777
0.4506459875274805
0.4522175828576336
0.4532818341651972
0.4534726611404697
0.45575949470309424
0.4556826751111621
0.4554448845564357
0.4562502075469077
0.45896004403347485
0.4618727109044265
0.4645018779356596
0.46670039087258386
0.46854094479273833
0.470038478611986
0.47198287333486916
0.4735681875405011
0.4600518901905851
0.4533422164888845
0.4536264166063402
0.4536455751214168
0.45393077541154025
0.45412487103851634
0.454238038806879
0.47145321338835144
0.48562937803893125
0.4864127437251554
0.4880625722283265
0.4897942960588394
0.4911631438238525
0.49298386988845583
0.4945330401940927
0.49400291341092284
0.494858199953256
0.4863016140960113
0.4686098946412371
0.4808903216777768
0.4858192704390804
0.488324589153458
0.4761618687617793
0.47539863389470816
0.47437876872551826
0.4862078927059227
0.4899188801137
0.5029453839275565
0.5029195545415814
0.5024592154991143
0.503297007326581
0.5031838541751767
0.5026407810152139
0.5033021020031989
0.5039504715270955
0.5034055492836667
0.5030329790909693
0.5045492842912775
0.5038243195272714
0.5034453615502834
0.5039220466775959
0.5033713460719078
0.5033436557724186
0.5026010197437365
0.5025090097442244
0.5030528927812182
0.5034685800069627
0.5023074327539114
0.5023788243013567
0.5027940767919067
0.5023457719764101
0.502225004258914
0.5012670990430204
0.500246691377803
0.5002942938345123
0.4994842391714644
0.4998220394394644
0.49967162068292215
0.49874402369866505
0.4978945764763972
0.4966203799162475
0.4958783103464944
0.49484311076523313
0.493780779326008
0.4930613214825781
0.49179232622469743
0.49104527860522573
0.4896728270641581
0.4891182939156375
0.48793790287341127
0.48675741481483953
0.48498034352637553
0.4843602010549746
0.4839610010416516
0.4822615006100892
0.48149593968681603
0.4801324606787964
0.47872421837443224
0.4776385953564644
0.47631878998204136
0.4751629404489302
0.4738495948539419
0.47280839223817667
0.47183494315155
0.4699233778738414
0.4683876773017272
0.4656363963271388
0.46460636384286597
0.46337734686452475
0.46108995120166557
0.4600147518416014
0.45891836305472966
0.4575904797759837
0.4563274593919951
0.4551698728625247
0.4541434796150614
0.4532673697129256
0.451566701520121
0.4498152280209346
0.44856055356481517
0.4484322034518621
0.4477637126092193
0.4470776379394388
0.4468412388766801
0.4422004102151083
0.44247470299627384
0.4430394033885101
0.44326901211123526
0.4441813345225363
0.44516366945656266
0.44652499869024903
0.4477295054229386
0.4490201148671417
0.4503154360979551
0.4518779589329921
0.45345541117973065
0.4546507375305266
0.4559828669010346
0.4576369117717547
0.4590321766102962
0.4605005133724119
0.4620780218748046
0.4630162669412804
0.46458207440750526
0.46616629635611057
0.4677186802195772
0.46890539764451494
0.47083015154738433
0.47185302714734306
0.46198847758155887
0.4541607592507678
0.45443413071546873
0.45497363992966394
0.4549185461507648
0.45537928747621165
0.4556607012671203
0.4701096310712764
0.48501103583225885
0.48647774136641514
0.4874346349116218
0.4889792414731916
0.4898032531079314
0.4910026297679198
0.4933436354956172
0.4937537378660124
0.4953972348449639
0.49178170725130443
0.4687522453321704
0.4781375716280786
0.4871718130196936
0.49335844756759717
0.4886244305555758
0.4722950922946011
0.47375335497160864
0.4856345845956477
0.488383774279835
0.5035147699155103
0.5048652583951908
0.5056978907269722
0.5062751250925044
0.5062322851226988
0.5060464144176199
0.5070499263820664
0.507363875984946
0.5071594256215719
0.5072949044868255
0.50716626813671
0.507768005344926
0.5075690022263355
0.5072855432283286
0.5066409689329103
0.5072817916229145
0.5064768925362015
0.5059606785269599
0.506276819913551
0.5062511594307226
0.5054518781568467
0.5050887539357876
0.5046393816133754
0.5046585031140176
0.5046304857882279
0.5039437218077698
0.5033441495424622
