Temp Irradiance TheoV PredV TheoP PreP
298.897 4.03 0.372 0.0 0.0111286348604 0.0
299.135 3.85 0.371 0.0 0.0106065556743 0.0
299.985 49.24 0.434 0.6259438952097576 0.160076932894 -23.68741469685689
300.266 67.16 0.442 0.4590420717025293 0.22255438218 0.2185256643359548
300.275 69.84 0.443 0.44957072409903587 0.231969096903 0.23143581861654144
300.433 27.16 0.42 0.4207360104699518 0.0853170914175 0.08531634701097882
300.58 36.08 0.427 0.4294919394455503 0.115364577512 0.11533828024293875
299.772 246.08 0.473 0.5634281119592295 0.875724363261 -0.8194578708386298
299.897 246.81 0.473 0.48133694330068266 0.878827191274 0.875896204451963
299.924 220.61 0.471 0.4702530252388364 0.780818148403 0.7808220855668645
299.933 204.56 0.469 0.465866835839325 0.721052537198 0.7207941159111347
299.028 218.3 0.469 0.4407998722312829 0.769898104971 0.7501025820865813
298.835 239.92 0.471 0.4528853593513853 0.849962547783 0.839909690194198
298.827 220.93 0.469 0.45219635523920676 0.779158849883 0.7710886238442185
298.677 54.09 0.434 0.39488263357157205 0.176048878876 0.16742422712991126
299.264 13.0 0.401 0.40097585836413785 0.0388453272726 0.03884534793333169
299.764 11.45 0.398 0.4072447625032547 0.0339925997916 0.03382590138199366
299.784 9.17 0.393 0.4056296689191896 0.0268364266411 0.026550855357516168
300.495 14.48 0.405 0.415437105530688 0.0437453695959 0.043449978434888716
300.278 122.34 0.457 0.44732671236205057 0.419579110359 0.41803599523478246
299.759 227.71 0.471 0.47725245483975254 0.806904160349 0.8053620795804303
299.845 189.18 0.467 0.46468947906396085 0.663788277783 0.6636730481493714
299.648 194.84 0.467 0.46422863688385174 0.684309915052 0.6840604300103478
299.627 191.62 0.467 0.46307369541674825 0.672334002147 0.6719575758977572
300.381 182.75 0.467 0.470080173509841 0.641150864035 0.6407922310255241
300.62 190.13 0.468 0.4752191356205917 0.669033439592 0.6672611425741447
300.633 210.79 0.471 0.4811968184048965 0.745966795744 0.7414769024740461
300.806 204.37 0.47 0.4794902097963356 0.722445211137 0.7190895533025301
300.812 215.22 0.471 0.4816902721842067 0.762967863697 0.7586543342683691
300.74 201.71 0.47 0.475191021778091 0.712369837244 0.7112872370476371
300.628 196.22 0.469 0.4718814324843219 0.691677537769 0.691362061756762
300.608 113.65 0.455 0.44482033452214864 0.388584147577 0.38678795379226905
300.993 116.08 0.457 0.4498671381374648 0.39787471047 0.39711958565059013
295.357 255.46 0.467 0.4403189655023554 0.897534149827 0.8762373241519386
295.341 248.22 0.466 0.4545597759266744 0.870690487591 0.8659412035386577
295.311 233.18 0.465 0.4538551296203679 0.815074881838 0.8111990761835824
295.277 224.17 0.464 0.45382786700772537 0.781810196021 0.7786873217378439
295.145 242.75 0.465 0.46161667380515237 0.849906037973 0.8493792351544553
295.841 224.31 0.465 0.4591320214702439 0.783816434862 0.7828170123489078
295.815 242.54 0.466 0.46576683355782045 0.851057441335 0.8510481056600264
296.831 220.52 0.466 0.46267149459477896 0.772437047379 0.772123732707723
296.325 212.61 0.464 0.458226648533683 0.741981466308 0.7408979354649496
296.842 132.03 0.453 0.4340479542477016 0.449551587594 0.44327012913208486
296.545 195.65 0.462 0.4550538156706574 0.680190178965 0.6786409139713349
296.585 198.92 0.463 0.45667316279431935 0.692284482087 0.6911502286837531
296.812 225.05 0.466 0.46630431820194407 0.789131817463 0.7891318353665341
297.085 204.11 0.464 0.4603876458712305 0.712549582945 0.7120845316299538
297.007 208.72 0.465 0.4617718595605924 0.729340586328 0.729074635239158
297.036 328.22 0.476 0.5009745342945058 1.1754669827 1.1250119998103882
297.39 338.47 0.477 0.5030266814565929 1.2156234902 1.1599333025683904
297.388 329.09 0.476 0.49770941444101857 1.18014994126 1.1461600587375937
296.391 602.2 0.489 0.5731849114764406 2.22190351592 -0.9456489363585273
297.011 601.48 0.49 0.5468380537856727 2.22375157353 1.4192141672292706
297.019 620.81 0.491 0.5361281499273087 2.29905257998 1.8749550266894501
297.495 602.2 0.491 0.5238452574885692 2.23018612453 2.05599145148454
298.121 763.1 0.498 0.5444029976064862 2.86680671323 2.3014310721285516
298.672 764.86 0.499 0.5327952812127208 2.87906876944 2.638507293285492
298.736 764.34 0.499 0.5253020914542506 2.8776295466 2.749886583634626
298.527 772.03 0.499 0.5214590243975479 2.90603603709 2.816471040688119
298.461 764.3 0.498 0.5171817371858113 2.87479211482 2.8178367429164353
298.334 770.24 0.498 0.5153978592341341 2.89705396188 2.8511984220637276
298.29 775.71 0.499 0.513984790033863 2.91826047686 2.8808268730434685
298.284 777.83 0.499 0.5126351741947435 2.92659208594 2.896240536375501
298.269 778.56 0.499 0.5114201149699243 2.92933195159 2.9044424566508713
297.914 782.23 0.498 0.5109778224227679 2.94036062921 2.9151453976281823
298.552 767.2 0.499 0.508003806388069 2.88716255618 2.874969536225934
298.551 764.62 0.499 0.5070984625367159 2.87694058136 2.866975687433635
298.859 786.72 0.5 0.508304769552404 2.96748891226 2.957244611383083
299.215 782.34 0.5 0.5069658223919836 2.95362716105 2.9474995179291046
298.664 786.41 0.5 0.5074064671993046 2.96429830568 2.9554697953394267
298.604 582.39 0.492 0.488680959047148 2.16110550931 2.1600421520950683
298.604 585.27 0.492 0.48903270759509426 2.17234525415 2.171417241135426
298.594 703.21 0.497 0.49976568358462314 2.63490655432 2.633787097784841
298.617 774.6 0.499 0.5060550821497121 2.91708750617 2.910338765077468
298.681 772.57 0.499 0.5054516734216192 2.90967383525 2.904186522073726
298.367 770.46 0.499 0.5052988684170365 2.89824507813 2.8919659624887664
298.161 773.87 0.498 0.5055523639374251 2.90973717351 2.9024058547159637
298.137 792.73 0.499 0.5069203432449825 2.98409609096 2.974665449501606
298.293 794.69 0.499 0.5065794816713838 2.99341729613 2.9855309951641185
297.504 782.67 0.497 0.5061091559419124 2.93802433468 2.9272945773509065
298.225 765.53 0.498 0.5034775980379398 2.87740696334 2.873585999219199
298.34 768.73 0.498 0.503434738529603 2.89114610938 2.887816769733671
298.37 773.46 0.499 0.5036199896797454 2.91014945209 2.9068131051490296
298.325 767.92 0.498 0.503041415251554 2.88780364703 2.88492982915701
297.314 745.06 0.496 0.5020751064924238 2.78803449109 2.7830795623048505
296.754 743.38 0.495 0.5023578465739422 2.77618672432 2.7688239262490932
296.769 745.23 0.495 0.502230219385149 2.78359113741 2.7766515339840074
296.897 743.26 0.495 0.5016817708219952 2.77704797962 2.7714718945068126
296.402 740.5 0.494 0.501711920277978 2.76159027553 2.754182726369452
297.017 750.06 0.496 0.5016675212667826 2.80488676218 2.8000359353580793
297.033 752.38 0.496 0.5016803917470382 2.81416807128 2.809442929163487
298.419 660.62 0.495 0.4926838235659308 2.46592515375 2.4654254128199145
298.459 658.3 0.495 0.49249953707519695 2.45714754889 2.456573436607241
298.756 631.6 0.494 0.49006433451613407 2.35477844074 2.3530180568397845
298.535 653.28 0.495 0.4921324739714963 2.43806447822 2.4373416632769884
298.539 640.19 0.494 0.4910835180842294 2.38674010975 2.38571225638672
298.38 642.43 0.494 0.49144958327019467 2.39425617617 2.3935327737792442
298.175 644.89 0.494 0.49186303102893775 2.40224805264 2.4018318218572428
298.145 617.13 0.493 0.48958913640534396 2.29337658053 2.2924110713042087
297.954 595.45 0.492 0.48796911122035425 2.20728263194 2.206094917162759
296.402 582.54 0.488 0.48820009378059387 2.14572863518 2.1457433331693165
295.673 638.03 0.489 0.4934548774712202 2.35542545863 2.353699832132408
295.715 644.35 0.49 0.4937675593373268 2.38032771162 2.3785607974527694
297.926 472.75 0.486 0.47760099471810424 1.73131221583 1.7265282921715324
298.16 447.71 0.485 0.4754102999005948 1.63621048723 1.6303165842735603
298.344 470.79 0.487 0.4773066933708917 1.72615815563 1.7204304556372727
298.262 478.67 0.487 0.47812214566775013 1.75611268472 1.7509086533027811
298.098 514.07 0.488 0.4813052992570263 1.89200532509 1.8883333457325653
298.048 535.26 0.489 0.48319190692084973 1.97382669373 1.9709745949631863
297.815 513.34 0.488 0.4815776936849639 1.88738407518 1.8844563527354161
297.844 499.82 0.487 0.4804825897737621 1.83529337894 1.831984578467974
298.06 521.16 0.489 0.48218045344325333 1.91921326244 1.9161023536544204
299.201 519.67 0.49 0.4812400000634888 1.92077690314 1.9146198841109803
299.496 493.64 0.49 0.4789505218688878 1.82145200866 1.8136484631659875
299.0 483.14 0.488 0.4785719306923011 1.7777650467 1.7713473106163955
300.931 315.76 0.481 0.4632777842198508 1.14330777643 1.130617042701083
299.992 364.09 0.483 0.46843357374530376 1.32421860175 1.3139662184939662
299.699 383.02 0.484 0.47042278919665104 1.39545418067 1.386275955645002
300.86 318.74 0.481 0.4648779543138891 1.15440647426 1.1434627023158108
300.5 330.06 0.481 0.4664040248451835 1.19620103997 1.1863983201478228
300.985 306.92 0.48 0.46482055206006695 1.10980356346 1.1000486857336946
300.951 274.85 0.478 0.4625996590093692 0.987839496964 0.9796499789319354
301.616 263.99 0.478 0.46236803202761806 0.94883777622 0.9406979258024287
301.997 249.17 0.477 0.4619764000270623 0.893905656582 0.8866109434366087
301.787 234.85 0.475 0.46137659310076085 0.839245177775 0.8333353706269826
302.673 222.12 0.475 0.46160201654963123 0.793670903377 0.788246659099959
303.001 255.05 0.479 0.465533075865601 0.91920530101 0.9129887647114726
304.693 63.94 0.447 0.4521682758777555 0.214392199906 0.21414047514928347
303.779 49.05 0.439 0.4493711205753449 0.161437254061 0.16055337416561102
303.572 48.04 0.439 0.4483246301344993 0.157811723477 0.15698787282962406
303.602 15.63 0.411 0.44499183677096144 0.047939478973 0.04309490686908893
303.558 16.52 0.412 0.4429441799581795 0.0508389087263 0.04690663403483728
303.558 15.08 0.41 0.4410433898605704 0.0461410458375 0.04244950229848794
303.777 155.32 0.468 0.4514870686892363 0.546141353804 0.5406789400761434
303.92 155.18 0.468 0.452388860990755 0.545878349435 0.5408377089879787
303.905 146.07 0.467 0.45243766316760076 0.512075246966 0.508157596345553
303.932 166.58 0.47 0.4549703743762732 0.588313214991 0.5833979669100363
305.823 134.93 0.468 0.45398201512482916 0.473900935264 0.47056299034479887
305.319 149.9 0.469 0.4560756045857036 0.528708893942 0.5251214137131818
306.583 10.44 0.405 0.4458052266638619 0.0315108073939 0.02635299784152419
306.616 10.26 0.405 0.4424157380782009 0.0309359082853 0.026807620990141494
306.478 17.05 0.417 0.4401100237386695 0.0530805108552 0.05107816241917828
306.35 56.19 0.447 0.44192504037024427 0.188003271231 0.1878219375905257
306.91 69.21 0.453 0.4433138305442263 0.234830610279 0.2339917816184773
306.565 9.31 0.402 0.4387748955440805 0.0278898805577 0.024439676124590828
306.565 9.43 0.403 0.43663974169637926 0.028272890597 0.025355427155220465
306.398 9.89 0.404 0.43491382193781547 0.0297278912281 0.027243375164277273
306.471 9.66 0.403 0.43328856193243204 0.0289992992287 0.02678779145251757
306.402 10.12 0.404 0.431917685606873 0.0304653552579 0.028581892980530748
307.159 12.96 0.411 0.430078890766461 0.0397395423557 0.038783205834831386
307.168 10.1 0.405 0.4288242346294839 0.0304772614878 0.029196265065379822
298.511 62.43 0.438 0.44373781337629503 0.204796536486 0.20439271936824036
298.625 91.73 0.447 0.44598487520546565 0.307797211822 0.30777593794844266
298.475 119.4 0.453 0.4486054393446324 0.4064787925 0.40606549107509143
298.743 131.53 0.456 0.44938581216655443 0.450623142051 0.44973094324954443
298.625 154.13 0.46 0.45161010129548634 0.532536901032 0.5310239659418479
298.477 169.54 0.462 0.4532732712833652 0.588593976745 0.5867622491562706
299.49 157.98 0.462 0.45100505204960584 0.548170536871 0.5456018660933614
299.626 144.34 0.46 0.4497774705047879 0.498556310741 0.4965122925752753
299.739 24.73 0.417 0.439541758109658 0.0770599685068 0.07419602399060604
300.07 8.68 0.392 0.4372703935877386 0.0253354552327 0.019359447081645158
300.373 17.04 0.409 0.4367577850689845 0.0519907275254 0.04869082772727834
299.953 128.5 0.457 0.44671740359520196 0.441444564747 0.43937249568979864
300.196 98.31 0.451 0.4438493309062122 0.332925067966 0.33213347676975397
299.987 162.29 0.463 0.44985991366086225 0.564904724934 0.5609837587348819
300.003 179.33 0.466 0.45146634342622355 0.627705279369 0.6228537057324853
300.006 188.25 0.467 0.45237426116973856 0.660702657232 0.6554203322766687
300.031 185.23 0.466 0.4521999876319375 0.649573833803 0.6445001478074253
300.029 175.59 0.465 0.45147612555771927 0.613956323856 0.6094954530886307
299.945 185.61 0.466 0.4525786822911636 0.650795371054 0.6460056576381107
300.055 174.29 0.465 0.45155942813689587 0.609214077937 0.6049181597860745
299.932 182.01 0.466 0.45250942558556667 0.637460380752 0.6330240771669641
300.43 193.11 0.468 0.4529073982146727 0.679670714395 0.6737356400325416
300.188 200.35 0.469 0.45397549576402096 0.706005383596 0.7002452690203983
300.068 376.72 0.484 0.4694420347835607 1.37298748956 1.362452294677493
300.341 410.12 0.486 0.4720418826888908 1.50281782785 1.491482392684252
300.133 396.81 0.485 0.47127010048321005 1.45050939428 1.4400442742348738
299.742 465.6 0.489 0.47782675491379634 1.71413075052 1.7066515379310265
299.662 392.68 0.484 0.4716957460037855 1.43236618959 1.423877144065144
299.683 362.06 0.482 0.4690848473266033 1.31508395903 1.3064798884483872
299.587 382.77 0.483 0.47107908406366356 1.39396671222 1.3858570396480525
299.344 389.8 0.484 0.4720750356782091 1.41978674899 1.4126513485236116
299.624 377.63 0.483 0.4707183540062717 1.37444229297 1.3663230550284147
299.594 394.83 0.484 0.47231943543567195 1.44029780861 1.4325019163209465
299.665 422.46 0.486 0.4746931746645844 1.54698262372 1.539409217970492
299.711 468.95 0.489 0.4787449525608792 1.72694380473 1.7204164386106842
298.592 610.18 0.493 0.49257206843163875 2.26961661247 2.269579537334756
298.848 622.12 0.494 0.4932850769630527 2.31834283951 2.31827428601709
298.793 629.25 0.494 0.49398587816516515 2.34585686511 2.3458559575953926
298.999 659.85 0.496 0.49638581415419125 2.46768718798 2.4676551110633134
298.359 504.23 0.488 0.4836500301013428 1.85553934582 1.8539434206566199
298.472 440.95 0.485 0.47801802730738724 1.61189849513 1.6086039039159257
299.273 412.1 0.485 0.47450208300500973 1.50509273917 1.4989277918025454
299.218 399.63 0.484 0.47354299834182445 1.45691375052 1.4507991404949736
298.905 461.48 0.487 0.4794043564046344 1.6934448486 1.68959595468725
298.969 437.11 0.486 0.47723842119827997 1.59977961181 1.595220638380949
298.714 423.67 0.485 0.47644795059635187 1.54670873911 1.542668036990438
298.479 313.71 0.477 0.4671997819012603 1.12623575178 1.122046945459211
298.458 522.14 0.489 0.48548413854357464 1.92559537366 1.9244760076258094
298.009 620.4 0.493 0.49468350972552466 2.30510228105 2.304690730514086
297.713 602.89 0.491 0.49353242226480915 2.2344884421 2.2340857683217483
298.306 630.64 0.494 0.4951402581460102 2.3474644093 2.3472215045159106
298.502 615.46 0.493 0.49354436117283096 2.28958507397 2.289586711319343
297.773 631.61 0.493 0.4959161539116224 2.34707270416 2.3459753835081574
297.524 501.76 0.487 0.4849027779976102 1.84080558459 1.8405501370436055
297.703 495.0 0.487 0.4840922898571616 1.81580577546 1.8152929197740317
298.664 361.0 0.481 0.4711538373134614 1.30656418744 1.3019814225211197
298.674 436.0 0.485 0.4777285192525995 1.59393267393 1.5903719205682132
299.202 351.0 0.481 0.46965218110708185 1.27076436587 1.2647012078553561
298.84 366.0 0.481 0.4715047779172738 1.32642132707 1.321516314819913
299.425 343.0 0.481 0.4687575939805601 1.24119132993 1.2345754716604938
299.403 391.0 0.484 0.47302222060773813 1.42467884979 1.4183926489060474
299.404 872.0 0.503 0.5149229179677248 3.31251593219 3.289986055420932
299.279 893.0 0.504 0.5165549075954075 3.39498066953 3.3660905175946967
299.253 761.0 0.5 0.5048890218366853 2.86935894969 2.86581495372872
298.671 417.0 0.484 0.4761961288216701 1.52087813025 1.5170754353888016
298.592 516.0 0.489 0.48482297587185386 1.90263163948 1.9011545716443876
299.27 515.0 0.49 0.4837831653322194 1.90306139965 1.8998973955917824
298.583 755.0 0.498 0.5053783668193765 2.83919965139 2.832629585041675
298.59 618.0 0.494 0.4935455471177203 2.3001890058 2.3002110219566148
298.254 728.0 0.497 0.5034378673704069 2.72955905279 2.724123154254827
298.511 806.0 0.5 0.5096329235436244 3.04043699239 3.026110426898873
299.36 805.0 0.501 0.5081291722037056 3.04510083705 3.0383422567699983
299.378 597.0 0.494 0.49034242955331564 2.22392251193 2.2226939081950374
299.358 392.0 0.484 0.4730286368198461 1.42830079574 1.4220166160999974
299.603 390.0 0.484 0.47254599672443526 1.42179712545 1.4146955500606961
299.43 443.0 0.487 0.47734481643127347 1.62498485584 1.6193217245608702
299.321 587.0 0.493 0.4897638696606803 2.18431578522 2.183082846190023
299.503 468.0 0.488 0.47942175549559995 1.7220711622 1.7168069329990723
299.289 633.0 0.495 0.4937932291752805 2.36448337121 2.364270020288781
299.387 585.0 0.494 0.4895827271630875 2.17696672661 2.17560011153102
299.393 770.0 0.5 0.5053403893710038 2.90640646923 2.9029188515878723
299.576 728.0 0.499 0.5014157279589192 2.74165449651 2.741043304664074
299.695 728.0 0.499 0.5012042819702439 2.74273108477 2.7423385588950366
301.49 736.0 0.503 0.4991908956938535 2.79104520749 2.78972423944446
301.621 737.0 0.503 0.4991793032520532 2.79626162529 2.794716827148345
301.022 714.0 0.501 0.4981914603680257 2.69921523893 2.6982781096454183
301.001 734.0 0.502 0.4999785181760924 2.77856659089 2.7782132985751704
301.211 689.0 0.501 0.49588416638021227 2.60153935495 2.5992993695413698
300.952 671.0 0.499 0.49480947575511625 2.52794344462 2.5257651602239783
300.939 371.0 0.485 0.46925382013562567 1.35496394283 1.3429710164119466
300.941 522.0 0.493 0.4822545324477467 1.94106491942 1.9322036053976728
300.906 642.0 0.498 0.49267839862273466 2.41281827386 2.4097896796415563
301.391 641.0 0.499 0.492002900059169 2.41275713252 2.408065817227441
302.352 619.0 0.5 0.4889286357234792 2.33315189191 2.3229618312130142
302.486 575.0 0.498 0.48517511653310563 2.15998553501 2.1467521492653354
304.361 564.0 0.501 0.4820892236598778 2.12965584269 2.10473921558437
304.392 579.0 0.502 0.48396848727113084 2.18948602785 2.1667286490483453
304.383 541.0 0.5 0.481223901178196 2.03852947994 2.0149288407240635
303.989 443.0 0.494 0.47350841010082206 1.64972661085 1.6263110370436753
303.666 502.0 0.497 0.4794649336198443 1.87975510836 1.860425001456596
303.417 531.0 0.498 0.48261760458733194 1.99255635858 1.9764936448971522
303.217 518.0 0.497 0.4819156624234576 1.93998203069 1.9247490142459727
302.776 488.0 0.495 0.47981924207203164 1.81927112481 1.8050848216021411
302.654 346.0 0.486 0.4673408090660337 1.26614943798 1.2509561094511117
302.646 427.0 0.491 0.47481927932227097 1.58005225079 1.5652604664572531
302.5 380.0 0.488 0.47084940237596634 1.39681039186 1.3823657607907105
302.48 206.0 0.473 0.4553070039735083 0.732578156158 0.724389113290352
304.544 216.0 0.477 0.45517573208708684 0.775387719777 0.7625748954333762
304.934 214.0 0.478 0.45518921413197755 0.768799669981 0.7557495383678229
304.966 180.0 0.473 0.45256353830865426 0.640604701935 0.6309734399426395
304.924 145.0 0.468 0.4498236261481641 0.509823139678 0.5037414498961506
304.918 117.0 0.463 0.44764859815774355 0.406441113182 0.40296156501276503
305.945 115.0 0.464 0.44747551620130604 0.400450254987 0.3964826916216499
305.869 130.0 0.467 0.4492559200679108 0.455704647129 0.45063415304811316
305.809 125.0 0.466 0.4492364450384782 0.437126539359 0.4327640645141986
306.156 106.0 0.462 0.4478690918472802 0.367665760395 0.36481969972281136
306.097 96.0 0.46 0.44731838134889085 0.331041340759 0.3290947457772148
307.789 86.0 0.459 0.4466805014861052 0.296328176354 0.2944760413573696
306.736 80.0 0.456 0.44653906919281133 0.273572340362 0.2725753872154278
308.695 77.0 0.458 0.44663569533602154 0.264411506657 0.26307418182826925
309.097 69.0 0.456 0.4464136579921246 0.235745889784 0.23490542016141955
309.35 64.0 0.454 0.44640145449297136 0.217886050663 0.2173275113986481
309.384 54.0 0.45 0.4458252144474014 0.182040663256 0.1818993549768948
309.189 47.0 0.446 0.445323081397105 0.157048541761 0.15704277370329472
308.967 40.0 0.442 0.444670751489286 0.132284999292 0.13223394623672138
309.28 31.0 0.436 0.4438275606778965 0.101059224237 0.10071947397990424
308.25 17.0 0.42 0.442113334849989 0.0532204249839 0.05130751479728343
300.75 8.0 0.391 0.43991672092609097 0.0232784692011 0.016385867926843184
298.65 10.0 0.394 0.43916028573137184 0.0293195673889 0.022234053205460052
298.55 16.0 0.405 0.43885584890755497 0.0483290862427 0.043182731115775086
298.35 23.0 0.413 0.43883531240710394 0.0710182841541 0.06741283684568346
298.05 31.0 0.42 0.4390145789094632 0.097389700121 0.09498807718641696
298.45 36.0 0.424 0.43929495632317367 0.114278115105 0.1126276551927017
298.35 58.0 0.436 0.441108103530377 0.189344254923 0.18904398648087836
298.35 66.0 0.439 0.44179702153137795 0.21709423534 0.21699449104934318
298.25 64.0 0.438 0.44151965745315663 0.210068351495 0.20992589201661935
298.05 72.0 0.44 0.4421466832182833 0.237788336929 0.23775749169363355
298.15 123.0 0.454 0.4470645101716731 0.418978516161 0.41819443607401086
298.55 142.0 0.458 0.4491491191020302 0.488266077114 0.4867562625076598
298.75 170.0 0.462 0.45200806932877347 0.590815814921 0.5882198698921357
298.75 186.0 0.465 0.4536244093514183 0.6496378713 0.6465010941186697
298.75 202.0 0.467 0.45524317564172245 0.708727347376 0.7050928203974046
298.65 195.0 0.466 0.45462405835407127 0.682615553217 0.6793302716734964
298.65 249.0 0.471 0.45985276416182275 0.883354316007 0.8786386213532148
298.75 268.0 0.473 0.46176573923942865 0.954873124262 0.9497699648730042
298.75 290.0 0.475 0.46391861632879033 1.037666552 1.0323449594913052
298.55 305.0 0.476 0.4653312023498313 1.09357137304 1.088419053623803
298.75 323.0 0.478 0.46716079636663743 1.16245701734 1.1571064005369527
298.75 340.0 0.479 0.46882204035366487 1.2269952605 1.2217601618781264
298.55 357.0 0.48 0.4704136129683846 1.29083864514 1.286031698074226
298.15 380.0 0.481 0.4725100673342508 1.37672400162 1.3727500104740835
298.55 395.0 0.483 0.4740926778396417 1.43592115102 1.431803090633754
298.25 411.0 0.483 0.4755553384551638 1.49573618015 1.4923313483595861
298.35 405.0 0.483 0.4750520005759137 1.4732471116 1.4696276376097321
298.45 161.0 0.461 0.4520521823084989 0.557292555213 0.5555856317905141
298.65 198.0 0.466 0.45567831812502657 0.693704901741 0.6907419624734296
297.95 188.0 0.464 0.45462743885494633 0.655250983521 0.6530698330694609
298.55 191.0 0.465 0.45514506514621045 0.667634199506 0.6650294507380133
298.25 166.0 0.461 0.4527997051327908 0.575193759725 0.57354915664064
298.25 150.0 0.459 0.45137243097524204 0.516830892106 0.5156833620458148
298.05 175.0 0.462 0.45374269866332195 0.607744889434 0.6059989630377163
297.85 360.0 0.479 0.47107985733038893 1.29921138362 1.2957473950878389
298.05 614.0 0.492 0.4949094624474635 2.28039931486 2.2798130000798187
298.15 592.0 0.492 0.4928540659779487 2.19528678487 2.1951751709931773
298.15 562.0 0.49 0.4900453856716071 2.07839560523 2.0783994970714965
297.95 575.0 0.491 0.49122035884088056 2.12759107133 2.127574897593507
297.65 621.0 0.492 0.495458259229984 2.30467770054 2.303478863120752
298.05 694.0 0.495 0.5023338231399892 2.59388472581 2.5880282987095624
297.75 689.0 0.495 0.5017454782870676 2.57166531629 2.565670903815982
297.85 693.0 0.495 0.5020826444687291 2.58823979089 2.5821536191789214
297.35 616.0 0.491 0.49475213301734844 2.28284559129 2.2816807274891904
297.65 296.0 0.474 0.4650039582842242 1.05640456598 1.052846740588178
297.35 383.0 0.48 0.47309591793855793 1.38444643963 1.3818145307706933
297.25 392.0 0.48 0.4739559599625832 1.41824426757 1.415891878619162
297.45 345.0 0.478 0.4696625788730556 1.24057700769 1.2374630067572507
297.05 678.0 0.493 0.5005686049682253 2.52256401276 2.5159569495922396
297.05 743.0 0.495 0.5065352181035382 2.77743752897 2.7599937768593796
297.55 531.0 0.488 0.4868796562118664 1.95403097014 1.9538989756736502
297.75 450.0 0.484 0.4794211571167256 1.6427451722 1.6410296120194827
297.35 608.0 0.491 0.4940027941034808 2.25168753621 2.250809291489699
297.15 802.0 0.497 0.5119068552140414 3.01076093421 2.9771835342467314
297.15 797.0 0.497 0.5112706623678056 2.99104918093 2.960096576251973
297.35 815.0 0.498 0.5128016761338838 3.06416576638 3.0291528448461444
297.65 480.0 0.486 0.48194758359670264 1.75763664217 1.7565097850655849
297.65 823.0 0.499 0.513436743012327 3.0989165622 3.064160664784106
296.65 752.0 0.495 0.5065863897029723 2.80905529318 2.7898372398153386
297.25 516.0 0.487 0.4850398273353239 1.89408181503 1.8937840385587694
297.25 755.0 0.496 0.506870377876965 2.82654007976 2.8101198554206777
297.45 816.0 0.498 0.5123652825326784 3.06913393516 3.037389305777723
297.25 839.0 0.499 0.514253529185178 3.15801163587 3.1167299719495714
297.05 834.0 0.498 0.5135770175128908 3.13612281021 3.096202092906533
297.55 809.0 0.498 0.5112348644672313 3.04249249195 3.0161772820401604
297.25 731.0 0.495 0.5040118729670596 2.73214005206 2.7221359538888312
297.45 848.0 0.499 0.5144969841114646 3.1957691331 3.1561647890077835
297.45 860.0 0.5 0.5153872060603739 3.24331586015 3.199829906168132
296.65 858.0 0.498 0.5148594103259341 3.22669202585 3.1775352086137665
297.05 852.0 0.499 0.5142011449174673 3.20730363427 3.1658876601093464
296.95 843.0 0.498 0.5132038834640094 3.17062749044 3.132952828043379
297.15 840.0 0.499 0.5128090179568681 3.16089138714 3.1269029179988292
296.85 843.0 0.498 0.512857840899174 3.16957197971 3.1328681835204635
297.05 841.0 0.498 0.5125604131726427 3.16377479087 3.1303179089395794
296.75 835.0 0.498 0.5118108964651761 3.13690650023 3.1040026348235346
296.45 826.0 0.497 0.5108094414038422 3.09824987591 3.066852365945263
296.95 821.0 0.498 0.5103427584045838 3.08372126552 3.0580471308667745
296.95 819.0 0.498 0.5100463809547572 3.07582069962 3.0512544673945707
296.35 809.0 0.496 0.5089186025968779 3.03022309107 3.0051393949888685
296.75 809.0 0.497 0.5088884768028483 3.03432897121 3.0122147541798494
297.55 785.0 0.498 0.5068959002704321 2.94768570113 2.935147140079169
297.55 794.0 0.498 0.5076000084137825 2.98323824769 2.9692551004846366
297.75 764.0 0.497 0.504978213534455 2.86677956755 2.8586054471808193
298.15 786.0 0.499 0.5069132055540526 2.95758823484 2.947806072574056
298.25 776.0 0.499 0.506011662616643 2.91900915453 2.9111486426908115
298.05 706.0 0.496 0.4998884932233574 2.64108887168 2.639135423945665
298.75 592.0 0.493 0.49023879277967863 2.19970413233 2.1991230941619357
298.75 771.0 0.499 0.505636499122792 2.9041262973 2.898436181737665
298.85 609.0 0.494 0.4916992924940186 2.26694684675 2.2666116851949205
298.95 750.0 0.499 0.5038411528655447 2.82291810005 2.8196708183881016
299.75 684.0 0.498 0.49833392304067214 2.56919160225 2.5691742088292835
299.95 728.0 0.5 0.5021546299628065 2.7450755236 2.744400926096802
299.85 740.0 0.5 0.5031429653019805 2.79174259914 2.7905268100354945
300.35 473.0 0.49 0.48035033558074036 1.74636960679 1.7402227478252188
300.75 453.0 0.489 0.47876158957875714 1.67094023826 1.6636390445303018
300.85 473.0 0.491 0.4805366248355213 1.74927110862 1.7423578414111038
301.05 581.0 0.496 0.48989726471454975 2.1733385414 2.17003283220893
301.25 584.0 0.497 0.490241530072817 2.18657745005 2.183159968212314
301.15 596.0 0.497 0.4912890294876905 2.23314273608 2.230358512389046
301.15 384.0 0.486 0.47307864274776273 1.40599505754 1.3971413132910213
301.45 548.0 0.495 0.487323105555879 2.04637514287 2.041316472096295
302.15 377.0 0.487 0.4728320549667696 1.38359380435 1.3731320294914984
301.95 436.0 0.49 0.4779266087108922 1.61140079792 1.6019920438564867
301.55 552.0 0.496 0.4878710052587225 2.06277458991 2.05792916924905
301.85 579.0 0.497 0.49034694420346114 2.17121487051 2.167093596191364
302.55 487.0 0.494 0.4826700215867112 1.8140012556 1.8050468750354907
302.05 498.0 0.494 0.4835301937253521 1.85408032272 1.8465072405040817
302.15 322.0 0.483 0.46837617867654757 1.17184580768 1.1622538739136932
302.05 238.0 0.476 0.4611244163153244 0.851857758969 0.8450550130811091
302.25 405.0 0.489 0.4757298173528739 1.49250497661 1.4826157681107506
302.85 338.0 0.486 0.47022135513751767 1.2361254961 1.2254941719332064
303.25 223.0 0.476 0.4605009230309426 0.798506514076 0.7914171869173444
302.75 136.0 0.463 0.45284791966912474 0.473072317156 0.4710686699995239
302.85 224.0 0.476 0.4605771137177328 0.801216503103 0.7945827417875377
303.45 160.0 0.468 0.45538579408941304 0.562918777608 0.5593659595791173
302.95 209.0 0.474 0.45948879032775136 0.744991656533 0.7391411111008624
303.85 246.0 0.479 0.46318933140865165 0.88732666051 0.8788959583526714
303.95 201.0 0.475 0.459464708249019 0.717298655868 0.7112457554292508
303.65 69.0 0.448 0.44801936714053303 0.231591285283 0.2315911543005587
302.95 60.0 0.443 0.44688907587746063 0.199289210217 0.19915413989393585
303.65 109.0 0.459 0.45144964564199097 0.375570620271 0.37466984027203193
303.75 76.0 0.45 0.4487044044026389 0.256602636995 0.2565751905993829
304.25 53.0 0.442 0.4469805973678701 0.175511249323 0.1752924026715945
304.15 51.0 0.441 0.44671079239363126 0.16845000591 0.16815909714397292
304.25 41.0 0.436 0.4458433510247747 0.133719110887 0.1329454717847824
304.35 45.0 0.438 0.44614684815329586 0.147630617626 0.14711898388871542
304.25 27.0 0.425 0.44446220021086036 0.0858604068013 0.08379556879145793
305.05 24.0 0.424 0.4443903831019846 0.0759695424134 0.0737353570504696
305.15 18.0 0.417 0.44368892296323403 0.0559854112465 0.05284819703973986
305.15 8.0 0.397 0.4425196929263865 0.0236189288514 0.01806532471972138
296.55 8.0 0.386 0.4389599658972076 0.022953091654 0.013743051040142363
296.85 18.0 0.405 0.43890296850935967 0.0544624943879 0.048831768141369254
296.75 27.0 0.415 0.43903275629273913 0.0837447229837 0.08003700624237996
296.65 30.0 0.417 0.4388111365828554 0.0936179933038 0.0904794414743544
296.65 36.0 0.422 0.4389640420323898 0.113588961637 0.11131870836532054
296.65 51.0 0.43 0.4400366705771932 0.164296117207 0.1633415189293499
296.55 67.0 0.437 0.4412646048049156 0.219243639141 0.21898167838528854
296.55 82.0 0.441 0.44256889682739464 0.27148342916 0.2714666030479082
296.35 98.0 0.445 0.4438685378294305 0.327562975162 0.3275288883515652
296.25 115.0 0.449 0.4453702475848501 0.387761171978 0.38751231728484703
296.05 130.0 0.452 0.44665463400398286 0.441075722912 0.44056087061151655
296.05 145.0 0.454 0.4481011033994779 0.494982921202 0.4941248415235273
296.25 163.0 0.457 0.449958127777768 0.560438035049 0.5590684775382501
296.05 186.0 0.46 0.45200671256308245 0.643768437478 0.64186088073143
296.25 209.0 0.463 0.4543247254171539 0.728507495688 0.7259632357676935
296.25 204.0 0.463 0.4539622084310676 0.710144232573 0.7077653307840827
296.25 240.0 0.467 0.4573240772094491 0.84290562727 0.8397712152184634
295.95 265.0 0.469 0.45949987748650395 0.934771511864 0.9314859982470329
296.25 271.0 0.47 0.46031327385483584 0.958063877745 0.9545673591509647
296.05 300.0 0.472 0.4629031056503552 1.06569340904 1.0621626829647846
295.95 325.0 0.474 0.46518213617324194 1.15906900121 1.1556471278423712
296.05 345.0 0.475 0.4671152151115144 1.23474793736 1.2313791432863417
295.75 352.0 0.475 0.46764391028074026 1.25987260285 1.2568423377074007
295.35 379.0 0.476 0.4699247547207515 1.36000580808 1.3576181007947488
295.45 405.0 0.478 0.47237282534195835 1.45892673237 1.4568645258092754
295.45 419.0 0.479 0.4736793827814923 1.51207458895 1.5102728199610695
295.55 423.0 0.479 0.4741326708762592 1.52778335615 1.5260153209368195
294.95 171.0 0.457 0.4511976120541679 0.586922496851 0.5861503366949204
294.95 153.0 0.454 0.44966563220716366 0.521914330342 0.5214733042812703
295.25 154.0 0.455 0.4499658600488725 0.526046063974 0.5255411471999905
295.45 157.0 0.455 0.4503993626421169 0.537234115158 0.5366424068854564
295.65 161.0 0.456 0.450910437937584 0.552066624443 0.5513596587878223
295.45 170.0 0.457 0.45168576564594204 0.584291488037 0.5834832452376385
295.45 183.0 0.459 0.45291397440827624 0.631539316324 0.6304968192611086
295.05 513.0 0.483 0.4823161773553014 1.86855998803 1.8684982076303445
295.75 567.0 0.487 0.48745754956294823 2.08098346185 2.0809431203196787
295.75 589.0 0.488 0.4894218587241823 2.16600432316 2.165713217450945
295.55 564.0 0.486 0.4870895401642764 2.06799901416 2.067949590039236
295.75 632.0 0.489 0.49325088298936204 2.33263474212 2.3310072571129283
295.85 625.0 0.489 0.49264265366628285 2.30625547972 2.3050441979932157
295.95 542.0 0.486 0.48524673308117017 1.98590973675 1.9858596197580296
295.85 650.0 0.49 0.49485918636020054 2.40337964404 2.4009370612040644
295.35 427.0 0.479 0.47467618558354596 1.54195702417 1.54056778169139
296.05 486.0 0.484 0.48029064481877415 1.77117880072 1.7703943879530932
296.15 245.0 0.467 0.4588253138120407 0.861139798366 0.8586368521819765
296.05 404.0 0.479 0.4730367298625658 1.45809051185 1.4558636492733572
295.05 579.0 0.486 0.4882575134586071 2.1223101544 2.1218593199509126
295.35 323.0 0.473 0.46552972854675256 1.14921653959 1.1468412137801205
295.55 565.0 0.486 0.4872518164955807 2.07185410957 2.071788034312323
295.25 739.0 0.492 0.5026313361399102 2.74499659558 2.730035157944136
295.85 532.0 0.485 0.4843647075821409 1.94670544239 1.9466283574191474
295.55 419.0 0.479 0.4741735284908394 1.51258507877 1.5109968651219712
295.45 625.0 0.489 0.4925082263911297 2.30312983202 2.3014998296954827
295.75 775.0 0.494 0.5059709858755053 2.8906382458 2.8701723338421936
295.95 789.0 0.495 0.5072100150042487 2.94755893128 2.9248500576703376
295.65 791.0 0.495 0.5071615680993742 2.95240052014 2.927983831126231
295.65 802.0 0.495 0.508039674327799 2.99559186686 2.96839642807265
295.35 801.0 0.494 0.5077090345771718 2.98860584946 2.960504585015853
294.95 827.0 0.495 0.5097090315995961 3.08646574596 3.0473775120029396
294.75 825.0 0.494 0.5093010137516696 3.07656057587 3.03758927561162
295.15 829.0 0.495 0.5097007632089875 3.09643926701 3.059534373537181
295.45 832.0 0.496 0.5099800783432282 3.11134570521 3.0760929613483676
294.85 839.0 0.495 0.5101765470642887 3.13251160359 3.091117072351089
295.15 780.0 0.493 0.5050111064757739 2.90432716707 2.8841239192692365
295.25 579.0 0.486 0.487355524845427 2.12373144607 2.1236694665974927
294.95 564.0 0.485 0.4858781790710166 2.06379997751 2.063779658438275
295.15 315.0 0.472 0.4641574645515068 1.11849401805 1.1158807470608447
295.25 611.0 0.488 0.49018946938274843 2.2473843528 2.2467660684831476
294.55 811.0 0.493 0.5073297810344832 3.01964019773 2.9878562748553215
294.95 807.0 0.494 0.5070590859785853 3.00808653321 2.9804521171037064
294.65 798.0 0.493 0.5060065357112125 2.96980624962 2.94371679924745
294.85 809.0 0.494 0.506963053815872 3.01489744474 2.987131681207267
295.15 821.0 0.495 0.5080643775555811 3.06502737849 3.035730754483235
295.05 808.0 0.494 0.506772336369071 3.01302380953 2.9875586046877345
294.65 806.0 0.493 0.5062732089070769 3.00109122142 2.9746389984155313
294.65 804.0 0.493 0.5059889968810505 2.99326997847 2.967876859396513
294.95 786.0 0.493 0.504495145065941 2.92584753526 2.9068350672091556
295.15 786.0 0.494 0.5045259559647827 2.92782693485 2.9099331518095046
295.45 782.0 0.494 0.5042814335083827 2.9151427435 2.8994693567651715
296.15 781.0 0.495 0.5045431244679195 2.91811841591 2.9052349097027146
296.35 766.0 0.495 0.5033086464133764 2.86116405611 2.8514774020739506
296.75 758.0 0.495 0.5028111971804177 2.83355448114 2.826096111112495
297.15 749.0 0.496 0.5022341494052505 2.80198651832 2.7964732245627753
297.25 727.0 0.495 0.5003665769595327 2.71643410779 2.7131149286210596
298.15 717.0 0.496 0.5000239300889928 2.68525502374 2.6836828361439085
298.05 704.0 0.496 0.4988257805909925 2.63322003496 2.632136522131952
298.35 681.0 0.495 0.49701496150909746 2.54537227188 2.545140238163428
297.85 670.0 0.494 0.49575857765238235 2.49798054237 2.497742999569624
298.35 662.0 0.495 0.4953653044783195 2.47076903664 2.4707395641461547
298.55 648.0 0.495 0.4942800209162348 2.41745615429 2.4174589649535183
298.95 645.0 0.495 0.4942657888325498 2.40892223448 2.408840304116644
299.25 617.0 0.495 0.49204002758039816 2.30135467889 2.3007450639190608
299.15 597.0 0.494 0.4902680611620356 2.22221438173 2.2211901633499633
299.55 575.0 0.493 0.48862744193296115 2.13901175017 2.1370644142713573
299.05 561.0 0.492 0.487131439064341 2.08078912198 2.078818867485586
299.75 550.0 0.493 0.48662176368666454 2.04264266383 2.039713920818227
299.55 533.0 0.492 0.4850528291727907 1.97494190058 1.9716602420203397
300.05 524.0 0.492 0.48460023255021084 1.94312669359 1.9390130570893407
300.05 507.0 0.491 0.48315448421585805 1.87684756259 1.8721797112731362
300.25 482.0 0.49 0.4811412827314275 1.78076477936 1.7750959422949522
300.05 466.0 0.489 0.47965887558889564 1.71746170295 1.7115924056896898
300.25 437.0 0.488 0.477301228912946 1.60621131175 1.5994292378218349
300.25 433.0 0.488 0.4769802079281948 1.59072747175 1.5839024652063824
300.05 420.0 0.486 0.47575649248167967 1.53945917428 1.5326579968171006
300.75 399.0 0.486 0.47440570380416563 1.46193403496 1.4540380681552048
301.05 391.0 0.486 0.47393365400295484 1.43251375522 1.4242228416492302
300.95 374.0 0.485 0.4724328062915488 1.36655517355 1.3583192318510122
301.55 366.0 0.486 0.4721606054401253 1.33843924962 1.329558751950701
301.15 351.0 0.484 0.4706454121726818 1.27904080282 1.270685004532698
300.95 326.0 0.482 0.4683881999463044 1.18247483784 1.1745778206014204
302.05 308.0 0.482 0.4675953172635211 1.11786456994 1.1092019239051167
301.65 294.0 0.48 0.4661676899142264 1.06297566245 1.055066351719705
301.95 258.0 0.478 0.46330249467598944 0.927181928983 0.9201312715777638
301.75 245.0 0.476 0.46209378158224873 0.877424450565 0.8710386875190587
301.85 232.0 0.475 0.46108666639382356 0.828681554549 0.8227756996686753
301.75 209.0 0.472 0.4590803808493959 0.742040463956 0.7372149917098472
301.95 195.0 0.471 0.4580584746714138 0.690161815407 0.6858964295630782
302.45 181.0 0.47 0.4572527789248815 0.639045650694 0.6352348868267795
302.75 164.0 0.468 0.4560561718239914 0.57644766732 0.5733816361400133
303.35 145.0 0.466 0.4549066799383271 0.507187123689 0.5048844465365149
303.45 120.0 0.461 0.45288893513243034 0.415450732251 0.4142952835747158
303.55 97.0 0.456 0.45103047276449965 0.331905977023 0.3315514719667892
303.85 80.0 0.452 0.44981871139031393 0.270996839833 0.2709562853361819
303.85 61.0 0.445 0.44819907800596437 0.20340975701 0.2033023698731732
303.75 49.0 0.439 0.4470714121000976 0.16124803339 0.16073573139614739
303.85 34.0 0.431 0.4457976105354221 0.10950329916 0.10792550353380628
304.05 25.0 0.423 0.4450603783214768 0.0790742320874 0.0764506768700185
304.25 19.0 0.417 0.44451931926724225 0.0591213648376 0.05557285579979019
304.85 11.0 0.404 0.444026084735893 0.0331251549369 0.027917307246669756
299.15 15.0 0.404 0.4403091875465123 0.045214609136 0.039549855529785675
299.15 25.0 0.416 0.4409056948161666 0.0777993514242 0.07427446572212834
299.05 34.0 0.424 0.4414436960876552 0.107774165324 0.10552262989777403
298.95 46.0 0.431 0.44230321694697056 0.148427727223 0.14728572728975542
298.85 62.0 0.438 0.4435618713646118 0.203535614653 0.20320106205284214
298.85 77.0 0.443 0.4448459160588921 0.255977876689 0.25594787057339385
298.75 94.0 0.448 0.4462599138851549 0.315987876931 0.3159433002617228
298.75 110.0 0.452 0.44767857905039704 0.373092246324 0.37280435494537756
298.65 126.0 0.455 0.449038681386097 0.430503682458 0.4298404615585255
298.65 141.0 0.458 0.45038850299592237 0.484798264026 0.48369109588680625
298.55 157.0 0.46 0.4517607178591115 0.542873868961 0.5412664147999379
298.45 168.0 0.462 0.4526945787619018 0.58289675326 0.5809575900683891
298.25 192.0 0.465 0.45470248891158194 0.670641908371 0.6679754254639949
298.05 207.0 0.466 0.45592345106082977 0.725545978461 0.7225011164576852
298.05 214.0 0.467 0.45657934750202733 0.751447088961 0.7482116823845701
298.25 221.0 0.468 0.45736978026348263 0.777914823045 0.7743885541468472
297.95 231.0 0.469 0.4580829347344373 0.81425182554 0.8106412579608354
298.15 255.0 0.471 0.4603533503659315 0.904298663968 0.8999913634660194
298.15 274.0 0.473 0.4620463409295903 0.975464657101 0.9707921935594952
297.85 294.0 0.474 0.4636280307813686 1.0495862486 1.0448645131305394
298.05 313.0 0.476 0.4654451330920607 1.12193610982 1.1168901930150978
297.85 315.0 0.476 0.4655207192870866 1.12873304084 1.1238633605337953
297.95 342.0 0.478 0.4679638311905773 1.23129588327 1.226279837240348
297.85 359.0 0.479 0.46940507046487456 1.29541181428 1.2905508232081768
297.75 378.0 0.48 0.4710183731083629 1.36725510698 1.3626429518828858
297.75 396.0 0.481 0.47260506071842046 1.43589615753 1.4315129233085668
297.45 219.0 0.466 0.45706739459754164 0.768417005416 0.7656134489728084
297.65 194.0 0.464 0.45506294675998604 0.676655608355 0.6744645190458106
297.65 197.0 0.464 0.4553664021853351 0.687697363109 0.6854411818955959
297.55 202.0 0.465 0.455780639459168 0.705883618221 0.703552601248512
297.35 205.0 0.465 0.45596572838544625 0.71646506412 0.714167246590421
297.55 208.0 0.465 0.4563879621658642 0.7280147215 0.7255650485815907
297.75 212.0 0.466 0.45688984412783745 0.743292633819 0.7406486744622862
297.65 465.0 0.485 0.4787070405095152 1.69987605822 1.6970503339447207
297.95 547.0 0.49 0.4859705710744494 2.0187188173 2.01767563264301
297.55 563.0 0.49 0.48713216796102 2.07809975388 2.0775975631356385
297.45 575.0 0.49 0.48811836587011076 2.12402697967 2.123737289990427
297.55 588.0 0.491 0.489302946375227 2.1752903908 2.1751451182734933
297.55 597.0 0.491 0.4900846638165677 2.21034320277 2.210266898375807
297.25 606.0 0.491 0.4906929989048444 2.24314094799 2.2431411736562756
297.35 613.0 0.491 0.4913554117242227 2.27116132064 2.27116905570709
297.25 624.0 0.492 0.492246983435181 2.3132570285 2.3132279354811573
297.15 637.0 0.492 0.49331151179709176 2.36319567975 2.3629816322178394
297.45 378.0 0.48 0.47111828632759695 1.36587533617 1.3617989224215667
298.35 389.0 0.482 0.4726020671096165 1.41202735093 1.4072084462147054
298.75 588.0 0.493 0.4900179427656295 2.18406164643 2.183469479132066
298.95 393.0 0.483 0.47330946677095687 1.43019165601 1.4248158844349763
298.95 440.0 0.486 0.47738239591774967 1.61081783462 1.606238921511703
298.85 629.0 0.494 0.4936522560344649 2.34531792216 2.345278037934852
298.85 529.0 0.49 0.4850228677807512 1.95479002679 1.9526637051462568
298.95 442.0 0.486 0.47757976078842396 1.61852802544 1.6140156114459896
299.25 597.0 0.494 0.49114436017339735 2.22296697181 2.2223216279652314
299.05 711.0 0.498 0.5008830008664644 2.66967912558 2.668478073216988
299.25 731.0 0.499 0.5027091185197281 2.75053238664 2.748552483217402
299.45 747.0 0.5 0.5041834077439855 2.81573172743 2.8130266302545848
299.55 751.0 0.5 0.5045613346125992 2.8325499676 2.8297122550220184
299.45 757.0 0.5 0.5049969127476321 2.85539320284 2.8519903211274547
299.45 775.0 0.5 0.5065189772372001 2.92678385858 2.9218428873200306
299.45 781.0 0.501 0.5069960079143985 2.95062504858 2.9451158938970554
299.25 811.0 0.501 0.509429041244034 3.06783475075 3.0580060953156605
299.35 816.0 0.502 0.5098572048125051 3.08873624019 3.078579402090338
299.35 820.0 0.502 0.5101470190699016 3.10466428871 3.0939948374672896
299.25 799.0 0.501 0.5082385049214413 3.02014579272 3.012409152907349
299.45 810.0 0.502 0.5092416750793061 3.06589094223 3.0573062279902152
299.25 813.0 0.501 0.5093446688749662 3.07578291043 3.0663005797738494
299.15 825.0 0.502 0.5102634216068507 3.12245801605 3.110899105805478
299.25 777.0 0.5 0.5061663726289645 2.93278818566 2.9279460940423854
298.85 812.0 0.501 0.5089085834226754 3.06769538504 3.0575411840676927
299.05 610.0 0.494 0.49176407022166335 2.27239761694 2.271927031340473
299.25 714.0 0.498 0.5007299007002971 2.68332452343 2.68252870467962
299.05 832.0 0.502 0.5106618717988858 3.1492624226 3.13654882393014
298.75 849.0 0.502 0.5118982211304532 3.21370081676 3.196602422733631
299.65 846.0 0.503 0.5120333980816467 3.21144104715 3.1986459755269507
299.65 815.0 0.502 0.5093378470002915 3.08787206487 3.0801161240071417
299.65 818.0 0.502 0.5095437498836374 3.09981810127 3.091772788813399
299.85 769.0 0.501 0.5054458134254287 2.90687568647 2.9042174936480714
299.85 650.0 0.497 0.49535607714081287 2.43587728201 2.4356487329615653
299.75 586.0 0.494 0.4898992817929094 2.18354666491 2.181926876137544
300.05 761.0 0.501 0.5048641397810039 2.87701083602 2.875117029404818
299.85 750.0 0.5 0.5038141294065906 2.83140407454 2.8298940490332765
300.15 695.0 0.499 0.49929128687848934 2.61614290254 2.6161325758944334
300.25 659.0 0.498 0.4962956961298469 2.47465664626 2.474406260612468
300.35 744.0 0.501 0.5035371860346545 2.81229186534 2.8114845854954496
300.45 304.0 0.479 0.4663851819763721 1.09673055499 1.0898619292412235
300.55 224.0 0.472 0.45970003779343005 0.795139618671 0.7905246597025476
300.65 414.0 0.487 0.47582320723083177 1.51936123147 1.5119953873798502
300.75 258.0 0.476 0.4627200539176385 0.923500242513 0.9175720873010563
300.45 165.0 0.464 0.45475154982546784 0.575751202603 0.5736106929210052
300.95 540.0 0.494 0.4866628734213959 2.01162015376 2.0072248079392088
301.15 635.0 0.498 0.4948032629158767 2.38708147193 2.3858152297846265
301.05 535.0 0.494 0.4863252305749752 1.99269001874 1.9880269796598564
301.45 559.0 0.496 0.4885782297600007 2.08961860211 2.085357310327651
301.45 593.0 0.497 0.49148041321630476 2.22352881154 2.220591385871304
301.95 590.0 0.498 0.4915072727877284 2.21537127907 2.211756951179399
301.85 579.0 0.497 0.4905572855597555 2.17121487051 2.167328616251871
302.15 537.0 0.496 0.4871891978639217 2.0078385369 2.0019216193365126
301.95 526.0 0.495 0.4861913397290527 1.96328478254 1.9572852779696175
302.15 528.0 0.496 0.4865043005321579 1.97242877166 1.9662883848978927
302.35 521.0 0.496 0.48606127641639607 1.94621021089 1.9395833192222387
302.55 480.0 0.494 0.4827378477926559 1.78657137921 1.7783399418938448
302.55 460.0 0.493 0.4810894389098119 1.70830695419 1.6996112314117717
303.05 457.0 0.493 0.48117071783676524 1.69937470713 1.6899625437064791
303.05 437.0 0.492 0.47952942967175854 1.62118538681 1.6114398206739087
303.05 422.0 0.491 0.4783131179061896 1.56264875687 1.5527611361134641
303.25 404.0 0.491 0.47696048145602055 1.49354684975 1.4832695410933856
303.75 386.0 0.49 0.47580303000176283 1.42590327305 1.4149826720909167
303.65 370.0 0.489 0.47445572964134475 1.36328796591 1.3526279777682917
304.05 354.0 0.489 0.4734250148088789 1.30298279128 1.2920554623128042
304.45 334.0 0.488 0.4720735116152197 1.22717525562 1.2161898350888127
304.15 314.0 0.486 0.47026764729744197 1.14875261863 1.13865654372003
304.55 294.0 0.485 0.4689267439801341 1.07319949952 1.0633735370961472
304.85 263.0 0.483 0.4665937010235762 0.955221899675 0.9463989288683919
304.75 244.0 0.481 0.4650112516533945 0.882329463203 0.8745402532515693
305.25 233.0 0.48 0.46454707067478546 0.841823586791 0.8343004627204511
305.15 214.0 0.478 0.4629645478543857 0.769348244574 0.7629725701633133
304.85 194.0 0.475 0.4611328179361109 0.693023828332 0.6879694220400854
305.55 180.0 0.474 0.4605778819760399 0.641833415857 0.6372868891781903
305.55 157.0 0.471 0.4587191103563035 0.555602763483 0.552413658067514
305.25 146.0 0.469 0.45763322775323606 0.51408228133 0.5116270426137054
305.45 122.0 0.465 0.455829811231221 0.425550019273 0.42424555615599097
305.65 97.0 0.459 0.4539305258132676 0.334201988716 0.3338138905585349
305.95 87.0 0.457 0.4533684253675225 0.298181485873 0.29802041824076053
306.05 73.0 0.453 0.45228786631986423 0.247761312672 0.24776129739294314
306.05 55.0 0.446 0.4507560239074478 0.183610563055 0.183362669897778
306.25 38.0 0.437 0.4494277262848475 0.12418271111 0.12301267806855956
306.65 28.0 0.43 0.44878580733393 0.0899431984031 0.08780671349740869
306.85 21.0 0.423 0.44815688234968043 0.0663155005423 0.06320783896635733
306.85 13.0 0.411 0.44720723846745175 0.0398301046243 0.03510026273052249
300.75 8.0 0.391 0.44189804048307313 0.0232784692011 0.01553341727111254
300.75 13.0 0.403 0.44206236884044664 0.0390382061626 0.03299193938777869
300.85 18.0 0.411 0.4423710898897113 0.0551966701221 0.05048070468790586
300.85 23.0 0.417 0.4426499385924284 0.0716136146214 0.06793057754976975
300.75 31.0 0.424 0.44314615414154634 0.0982719747317 0.09580321058671039
300.75 38.0 0.429 0.44366710354449646 0.121952860611 0.12028155186232593
300.85 47.0 0.434 0.4444642662967697 0.152812951951 0.15188412274680832
301.05 57.0 0.439 0.4454485572322644 0.187572727956 0.1871796970190856
301.05 66.0 0.443 0.4462100851205393 0.219058772714 0.2189276959932703
301.05 76.0 0.446 0.4470733390215807 0.254321724666 0.2543136414959266
300.85 89.0 0.45 0.448053365466147 0.300342116898 0.30029983520764997
300.85 101.0 0.453 0.44911164938051595 0.343307793811 0.3430858310486301
300.75 110.0 0.455 0.44983592259317656 0.375590110553 0.37517522493768674
300.75 119.0 0.457 0.4506410837608681 0.408129135607 0.40746696000641786
300.65 132.0 0.459 0.45172179004461366 0.455211218175 0.4541465398313779
300.65 168.0 0.465 0.45489242113003614 0.587197443064 0.5847486893503092
300.55 214.0 0.471 0.4588625066634943 0.757749155589 0.7535261779333255
300.55 200.0 0.469 0.4576666940908223 0.705558510343 0.7018876810208322
300.45 223.0 0.472 0.4596240878774888 0.791129077095 0.7866694003251523
300.45 244.0 0.474 0.4614830612289276 0.869884300176 0.8647409834391496
300.45 260.0 0.475 0.4629034439377433 0.930117065827 0.9245329212111333
300.45 400.0 0.486 0.47513085229818663 1.46433876368 1.4577636543275305
300.45 422.0 0.487 0.47706612309752855 1.54925259085 1.5430490298094732
300.35 434.0 0.488 0.4780512103438705 1.5951363944 1.5892835981648072
300.35 310.0 0.48 0.46725316494568647 1.11916950872 1.112714097161426
300.25 263.0 0.475 0.463098569642752 0.940807812765 0.9353465665957321
300.25 245.0 0.474 0.46155203408231565 0.873057281657 0.8681120253075559
300.35 243.0 0.474 0.4614800826878401 0.865831927169 0.8609077074061576
300.35 253.0 0.475 0.4623755813316316 0.903436841894 0.8982393804477607
300.25 262.0 0.475 0.4631054230026957 0.937039972601 0.9316787176246836
300.15 277.0 0.476 0.4643548440506302 0.99333358562 0.9877111949896528
300.15 291.0 0.478 0.4655928870848218 1.04631944427 1.0404371243132888
299.95 408.0 0.486 0.4756294583314113 1.49269396758 1.4869104747220774
299.85 490.0 0.49 0.4826953883113474 1.80947280175 1.8056868658874896
299.85 592.0 0.495 0.4915764311042871 2.20779120132 2.206986617854853
299.75 576.0 0.494 0.49011560910107377 2.1443611272 2.1432061520857113
299.75 594.0 0.494 0.4916900213800205 2.21489509507 2.214194306491503
299.65 568.0 0.493 0.48935582168741587 2.11233809658 2.111034763094949
299.65 626.0 0.496 0.49441022769288445 2.33980051213 2.339675405101638
299.55 645.0 0.496 0.49598995567339926 2.41375723046 2.4137568728830145
299.95 656.0 0.497 0.49725901978741627 2.46034604532 2.460352231145145
299.75 655.0 0.497 0.4970152814684324 2.45476855298 2.4547681160516523
300.05 463.0 0.489 0.48054136515896007 1.70582502606 1.7011551152811606
300.15 399.0 0.485 0.4750625251542842 1.45901595747 1.4529929138260087
300.15 583.0 0.495 0.49109213790069495 2.17467972615 2.1735285558895163
300.15 480.0 0.49 0.48213468999414766 1.77240075532 1.7681456943000924
300.05 409.0 0.486 0.475886933883792 1.49705312477 1.4912880405680742
300.05 547.0 0.493 0.48791892293267436 2.03296878144 2.030864649856611
299.95 546.0 0.493 0.4877636791942177 2.02837700834 2.026324668383989
299.95 447.0 0.488 0.4791489321521646 1.64328427467 1.6383893645919028
299.85 605.0 0.495 0.4928506863325632 2.25883552017 2.2583568668337612
299.85 686.0 0.498 0.49991497163868803 2.57794867716 2.5776056632190687
299.85 736.0 0.5 0.5042648945503113 2.77587800897 2.7734587598319527
299.85 750.0 0.5 0.5054659149442736 2.83140407454 2.828012232759455
299.75 754.0 0.5 0.5057109480505768 2.84633530966 2.8425179488428296
299.65 763.0 0.5 0.5063900288430807 2.88109057023 2.8763606851261274
299.55 766.0 0.5 0.5065437289400696 2.89204218071 2.886901011588129
299.55 767.0 0.5 0.5066010244876251 2.89600832826 2.8908190652607977
299.45 773.0 0.5 0.5070146161082478 2.9188515635 2.912907536400401
299.25 777.0 0.5 0.5071752795579829 2.93278818566 2.92606648215665
299.35 776.0 0.5 0.5071336461798168 2.92978948476 2.9234426198709813
299.25 778.0 0.5 0.5071980900389426 2.9367543332 2.9300433398919554
299.25 790.0 0.501 0.5082050018892982 2.9843790742 2.9762022247154896
299.25 779.0 0.5 0.5072200794825144 2.94072048074 2.9340220509214405
299.25 784.0 0.5 0.5076204242518088 2.96055121845 2.953315703535778
299.35 781.0 0.501 0.5074031040393086 2.94962232349 2.9430247747498672
299.35 785.0 0.501 0.5077197648781347 2.96551864284 2.9584785014862174
299.35 783.0 0.501 0.5075168643457372 2.95757048317 2.9508446221446234
299.45 775.0 0.5 0.5068734659232005 2.92678385858 2.921213216570342
299.25 786.0 0.5 0.5076407853079932 2.96848351353 2.961325883106683
299.45 764.0 0.5 0.5058630457275023 2.88315623563 2.8787626722877695
299.75 752.0 0.5 0.5050304735454523 2.83840301457 2.835439110768371
299.75 707.0 0.499 0.5011400296852647 2.66010305795 2.659430071773871
299.55 757.0 0.5 0.5052825685101328 2.85634685285 2.85277833247253
299.45 771.0 0.5 0.5063899396167995 2.91091926842 2.905994693933566
299.55 757.0 0.5 0.505234869785008 2.85634685285 2.852845847054339
299.65 709.0 0.499 0.5011674787585362 2.66711895971 2.666376530425308
299.45 304.0 0.478 0.4662535674775754 1.09307597225 1.087573190790348
299.55 233.0 0.471 0.46025638179299233 0.826103249112 0.8221098584043826
299.65 495.0 0.49 0.48281770220091996 1.82768823982 1.8240627037324826
300.15 484.0 0.49 0.4822526893720216 1.78794805368 1.7835688566742045
300.35 600.0 0.496 0.4923613357601811 2.24293033422 2.2418923227764385
300.55 678.0 0.499 0.4992093051285605 2.55229211614 2.55228942465102
300.55 659.0 0.498 0.49757862448798423 2.47711870185 2.4770690574340235
300.65 668.0 0.499 0.49842589256633885 2.51355448525 2.5135379178428163
300.75 683.0 0.5 0.4997885917395615 2.57377879598 2.573794568028544
301.05 689.0 0.5 0.5005256209684763 2.60016433281 2.600165336122336
301.15 677.0 0.5 0.49956775213190296 2.55342124861 2.5534003867897725
301.35 654.0 0.499 0.49774388528467384 2.46388610295 2.4635976997282114
301.45 665.0 0.5 0.4987665348355249 2.50834359904 2.508166678074863
301.65 644.0 0.5 0.49711757608722 2.42670242532 2.426097351765418
301.55 616.0 0.498 0.49465197368647135 2.31509508675 2.3138172576280875
301.75 441.0 0.49 0.479788373423593 1.62978259874 1.6227665208024165
302.25 567.0 0.497 0.49100601271038885 2.12670577238 2.1232381901556634
302.75 509.0 0.496 0.4864219146276174 1.90158706987 1.8954711078720339
302.95 496.0 0.495 0.4854932427177811 1.85173926329 1.8450034091417733
302.95 493.0 0.495 0.48527343930652 1.8399598051 1.8331693586779991
302.55 474.0 0.494 0.4833683042265684 1.76306005659 1.7561849867557826
302.75 491.0 0.495 0.4850223381445099 1.83089165054 1.8243535138788645
302.55 493.0 0.494 0.48507399505695753 1.83751257823 1.8313074778574165
302.85 450.0 0.493 0.4816361857362364 1.67089215193 1.663187587477686
303.25 376.0 0.489 0.47561477898652127 1.38475539232 1.3757258448969447
302.95 406.0 0.49 0.47800706736309195 1.49984444021 1.4913758293239185
302.95 385.0 0.489 0.47623455877649334 1.41827804462 1.4096770637206102
303.95 356.0 0.489 0.47459438967980105 1.31030579832 1.3008212336618672
303.65 335.0 0.487 0.4725945757464851 1.22780756122 1.218859036168918
304.05 307.0 0.485 0.4705692970627489 1.12141557658 1.1126803399293155
303.95 285.0 0.483 0.46864605224604383 1.03655906213 1.0285247772427584
304.15 262.0 0.481 0.46689104505687046 0.949206282814 0.9418403895749928
304.45 244.0 0.48 0.46565957065050717 0.881465442014 0.8746537231716236
304.75 229.0 0.479 0.46469722794696494 0.825240483368 0.8189625019362301
304.85 213.0 0.477 0.46347869882665604 0.764798728273 0.7592756347145624
305.15 200.0 0.476 0.4626993382699687 0.716354698585 0.711383017580965
305.25 188.0 0.475 0.4618311807519145 0.671310658553 0.6669534908829824
304.95 181.0 0.474 0.46102598718679744 0.644325103966 0.6404820123100512
305.35 165.0 0.472 0.46008935378209465 0.585142525751 0.5820122396492448
305.65 145.0 0.469 0.45871822457221917 0.511036764569 0.5088568451359253
305.85 134.0 0.467 0.45802672596182575 0.470493509796 0.4688202552500794
306.25 122.0 0.466 0.45743768744876234 0.426667897633 0.4254724836171
306.05 106.0 0.462 0.45592649702212484 0.367538452633 0.36697760804557683
306.35 92.0 0.459 0.4550546380454985 0.316742401694 0.31654241003256645
306.25 78.0 0.455 0.45377840190993274 0.265919934295 0.26591396530638584
306.05 59.0 0.447 0.4519511639596969 0.197777616198 0.19756707342544652
305.55 45.0 0.44 0.4502179833391673 0.148212892324 0.1473301501191701
306.05 35.0 0.434 0.44977349622650137 0.113739267816 0.11209627557532312
306.25 23.0 0.424 0.4488142021635519 0.0728989173211 0.06973050643434368
306.85 13.0 0.411 0.4483249590481094 0.0398301046243 0.034708104467266174
299.85 12.0 0.4 0.4415782776665522 0.0357434150545 0.029035350847113398
299.95 19.0 0.411 0.44207006991479 0.058285892844 0.05343839043937422
299.85 25.0 0.417 0.44235102024786327 0.0779814939991 0.07430352703856147
299.85 32.0 0.423 0.44284305286217357 0.101332666323 0.0987156166759301
299.75 40.0 0.429 0.4433580847251215 0.128338212982 0.12660665033933036
299.75 54.0 0.436 0.44452220588028235 0.176372045274 0.17564982684399844
299.65 61.0 0.439 0.44500512832629463 0.200597765058 0.20018207416359768
299.65 71.0 0.443 0.4458589286822168 0.235553263466 0.2354196793453721
299.65 79.0 0.445 0.44655082588966444 0.263720476895 0.26369303817248374
299.55 90.0 0.448 0.4474160032295798 0.302598261879 0.302591186752198
299.25 85.0 0.446 0.44669028642185654 0.284566090078 0.28456495769544227
299.55 107.0 0.452 0.4489104600432582 0.363317847956 0.36312447823603394
299.45 121.0 0.455 0.450056077093797 0.413583604982 0.41310140982398935
299.45 137.0 0.458 0.4514787945332169 0.471548877875 0.47062779349367995
299.35 180.0 0.465 0.45518074086944343 0.628809968035 0.6264726906158209
299.35 212.0 0.469 0.45801613507665156 0.747284445197 0.7438762240425634
299.35 229.0 0.471 0.45953323080331826 0.81061062741 0.8066962137506756
299.25 211.0 0.468 0.457885107651881 0.743316465725 0.7400087425004438
299.15 220.0 0.469 0.4586034931045781 0.776536802515 0.7729962212070453
299.05 273.0 0.474 0.4631756389030916 0.974639923488 0.9698365784194481
298.95 295.0 0.476 0.4650288315477226 1.05724168786 1.0521511988403351
298.95 313.0 0.478 0.46662420230139956 1.12531383887 1.1200613077127053
298.95 332.0 0.479 0.4683058824876643 1.19740607684 1.1920560806523164
298.85 350.0 0.48 0.469804249321027 1.26546397821 1.2601855264414177
298.85 369.0 0.481 0.47148146385593176 1.33791165909 1.332743056734588
298.85 245.0 0.471 0.46065749302242853 0.868984842407 0.8649780027054584
298.85 199.0 0.466 0.45666253711531485 0.697864258595 0.6951840805772177
298.75 206.0 0.467 0.45720727245507037 0.723544874589 0.7206898568934086
298.65 210.0 0.467 0.4574913859966167 0.738119868151 0.7351979021204053
298.35 217.0 0.468 0.45785434820355286 0.763325839188 0.7603237641790016
298.45 227.0 0.469 0.45884611843720874 0.800739329834 0.7974392449279721
298.45 234.0 0.47 0.45948333015932097 0.826794119282 0.8233325340786007
298.35 409.0 0.483 0.4746537671529195 1.4885723057 1.484329393549014
298.35 510.0 0.488 0.48345750706725005 1.87781927376 1.8758915339373108
298.35 526.0 0.489 0.48485723428276284 1.93987476371 1.9383452675093535
298.35 549.0 0.49 0.4868658581546123 2.02922190428 2.028246491309229
298.35 570.0 0.491 0.4886991118207154 2.11096735022 2.1104224213624083
298.25 584.0 0.492 0.4898324052926518 2.16480659574 2.1645339343433174
298.35 594.0 0.492 0.4907964440620626 2.20456954527 2.2043926115471337
298.45 606.0 0.493 0.49193288679803937 2.25219593294 2.2521214794910382
298.55 623.0 0.494 0.4935044881773348 2.31946691472 2.3194758709674153
298.55 641.0 0.494 0.4950726990978073 2.39000088259 2.389960312844415
298.65 485.0 0.488 0.481577983921128 1.78287675176 1.7801320975880972
298.55 379.0 0.482 0.47226857811064427 1.37473891206 1.370035793911708
298.55 525.0 0.489 0.4849931678436673 1.93727528664 1.9356656864391069
298.55 541.0 0.49 0.4863921362608912 1.999463224 1.9982383702331645
298.45 469.0 0.487 0.48004029921009655 1.71986759135 1.7168823666095168
298.55 436.0 0.485 0.4772662674833127 1.59327296767 1.5894675847690785
298.55 516.0 0.489 0.48424203496738216 1.90236525598 1.9005277184169131
298.35 434.0 0.485 0.4769324843087964 1.58450241439 1.5808232489147507
298.35 580.0 0.492 0.4896552585306515 2.14993189675 2.149602608448736
298.65 632.0 0.494 0.49445206225656 2.3555193656 2.355514924168371
298.65 728.0 0.498 0.5028091245603992 2.73316665311 2.729764628074937
298.65 742.0 0.498 0.5040133288030482 2.78847061442 2.783873859989203
298.65 757.0 0.499 0.5052994805312419 2.84774373967 2.841656952018844
298.65 762.0 0.499 0.5057134369847711 2.8675348159 2.860897765377959
298.45 759.0 0.498 0.5052536782929682 2.8537518673 2.8471982691121798
298.45 770.0 0.499 0.5061854376638308 2.89724441094 2.889372051103104
298.15 776.0 0.498 0.5064174700938656 2.91804526113 2.908838659857025
298.35 780.0 0.499 0.5069117826894778 2.93583787003 2.926495698205392
298.35 779.0 0.499 0.5067973746734334 2.93187965478 2.92275261700535
298.25 774.0 0.498 0.506248945719932 2.91110538284 2.9025811490986726
298.25 779.0 0.499 0.5066540461676321 2.93088380027 2.921708929306564
298.35 779.0 0.499 0.5067156605067439 2.93187965478 2.9229482734539523
297.95 785.0 0.498 0.5068565819092106 2.95165551405 2.941080758042856
298.45 791.0 0.499 0.507784025967662 2.98036693111 2.969980725340254
298.55 790.0 0.499 0.5077539318809747 2.97739030411 2.9674627588569913
298.65 778.0 0.499 0.5067742622967237 2.93086625984 2.922905261828435
298.65 779.0 0.499 0.5068338791483498 2.93482447508 2.9267919845632746
298.65 778.0 0.499 0.5067207602340278 2.93086625984 2.9230241463861097
298.65 771.0 0.499 0.5060911736329432 2.90315875312 2.8962485642903113
298.65 767.0 0.499 0.505723187323222 2.88732589213 2.8809359699822115
298.15 766.0 0.498 0.5051786379539025 2.87854243162 2.871496871676666
298.55 766.0 0.499 0.5055052069531702 2.88239313821 2.876056659436491
298.55 763.0 0.499 0.5052264021343023 2.87051849247 2.8645664779779794
298.45 765.0 0.498 0.505291551347772 2.87745356501 2.871171599301438
298.45 758.0 0.498 0.5046670972247581 2.84980158435 2.844303218972014
298.25 755.0 0.498 0.5042148029476992 2.83605000677 2.8306019867189427
298.35 750.0 0.498 0.5038540290996544 2.81725237949 2.8124711589401707
298.45 739.0 0.498 0.5029798767987963 2.77474620829 2.771092251854244
298.95 725.0 0.498 0.5022000993565476 2.72407611572 2.7219006262872187
299.15 721.0 0.498 0.5020195930625235 2.71008244501 2.7083099646307547
299.05 708.0 0.498 0.5008068621813365 2.65782827673 2.656619145431439
299.35 695.0 0.498 0.4999459130468383 2.60915682558 2.6085611490953386
299.35 682.0 0.497 0.4988265968640367 2.55787094909 2.557574787484304
299.85 682.0 0.498 0.4992566835710767 2.56214754536 2.5619779229326327
300.15 674.0 0.498 0.4988283402887773 2.53307845896 2.5330461038222762
300.15 657.0 0.498 0.4973691601831188 2.46592364879 2.4659336134519703
300.85 640.0 0.498 0.4965215209634736 2.4044734679 2.40421412000953
300.75 584.0 0.496 0.4916383914387353 2.18296068951 2.1814832044166974
300.95 616.0 0.497 0.4945651244959879 2.31048806556 2.309754895496517
301.15 612.0 0.498 0.4944024891757099 2.29622496406 2.29532382823304
301.15 599.0 0.497 0.4932969491180995 2.24496978804 2.24370993351504
301.25 582.0 0.496 0.49193525048254777 2.17870158823 2.176915042868944
301.65 569.0 0.497 0.49117988787882266 2.13036201582 2.127910943560401
301.75 553.0 0.496 0.4899097128821842 2.06808822538 2.0650204524521105
301.55 537.0 0.495 0.48837543644708387 2.00385153441 2.00040214927404
301.55 523.0 0.494 0.4871880905939371 1.94891162102 1.9450175910708771
301.25 509.0 0.493 0.4857341897353619 1.89217543139 1.8880700581894578
301.75 490.0 0.493 0.4845594541887465 1.82093869079 1.8158557495726224
301.85 472.0 0.492 0.48311925080016305 1.75118091999 1.7455222627746776
302.05 456.0 0.492 0.48194118220130094 1.68987621524 1.6836529713547448
302.15 438.0 0.491 0.48050477561240723 1.62027236841 1.6135817669094032
302.25 425.0 0.49 0.47949936844003366 1.57019708716 1.5632118140831521
302.35 405.0 0.489 0.47789212539062864 1.49299364598 1.4856580437188884
302.45 392.0 0.489 0.4768887714314884 1.44305335129 1.4355330538509874
302.65 371.0 0.488 0.47529160518843866 1.36266091456 1.3549079803626038
302.75 351.0 0.486 0.4736916357000538 1.28582636166 1.2780594014207067
302.75 328.0 0.485 0.47174024248057134 1.19723761769 1.1896756029562567
303.05 314.0 0.484 0.47084614267075714 1.14459676287 1.137055410182229
303.15 293.0 0.483 0.4691656634681995 1.06443085958 1.057273246577018
303.95 264.0 0.481 0.4674633982362131 0.956220491734 0.949431190851196
304.25 260.0 0.481 0.4674525777507758 0.941880645294 0.9351071037856951
303.95 241.0 0.479 0.4655784032316666 0.868614839335 0.8627136398046645
304.05 209.0 0.476 0.4629658624136546 0.747693477143 0.7430946820877998
304.65 187.0 0.474 0.46170540171596325 0.666231345745 0.6624474313131476
305.15 143.0 0.468 0.45846309231348986 0.502773836314 0.5009418721203899
305.85 142.0 0.469 0.45911991641410926 0.500206848772 0.49830391391602846
305.85 142.0 0.469 0.45917914297168894 0.500206848772 0.4983255319108054
305.75 119.0 0.464 0.457157086630627 0.414913402214 0.4140235832592833
305.55 107.0 0.461 0.4559613776761187 0.370594448778 0.3701270993507865
305.85 88.0 0.457 0.4546592570688704 0.301708176242 0.30163409239505695
306.45 67.0 0.451 0.4534773652645111 0.226565266001 0.22650323183723542
306.85 40.0 0.439 0.4515433244932242 0.13137855247 0.13015295068906335
307.05 27.0 0.429 0.4505299235438671 0.086650886349 0.08403732327978079
306.95 22.0 0.424 0.4498294478857657 0.0696969595699 0.06632497925225878
306.95 14.0 0.413 0.4489401817677995 0.0431112747058 0.03810906903033821
299.15 13.0 0.401 0.441265454257353 0.0388303407532 0.0321458174251365
299.05 20.0 0.411 0.4415738315879579 0.0613656277573 0.05644705060913283
299.05 29.0 0.42 0.4422037561401015 0.0910418644488 0.08775744792291404
299.05 40.0 0.428 0.4430550674667758 0.128038500141 0.12611229286932607
299.05 47.0 0.432 0.44359633156618766 0.151897804603 0.15058813944798816
299.05 55.0 0.435 0.44424295423562493 0.179410710885 0.1786197511346649
298.95 72.0 0.442 0.4455884808316463 0.238508652949 0.23833206394928177
298.85 74.0 0.442 0.4456486066613712 0.245440096494 0.24530165038787113
298.65 93.0 0.448 0.4470941747780055 0.312328016879 0.3123273094390064
298.45 118.0 0.453 0.4490829561423777 0.401414605268 0.401127078125598
298.25 138.0 0.457 0.4506459875274805 0.473276087774 0.4725561149474176
298.05 158.0 0.46 0.4522175828576336 0.545603485177 0.5443606171198274
297.95 171.0 0.461 0.4532818341651972 0.592893858488 0.5912878385366985
297.85 174.0 0.462 0.4534726611404697 0.603669503034 0.6020090096711607
297.75 201.0 0.465 0.45575949470309424 0.702672662195 0.7002461969039847
297.55 202.0 0.465 0.4556826751111621 0.705883618221 0.7035040313161256
297.45 200.0 0.464 0.4554448845564357 0.698278788162 0.695999833231392
297.35 210.0 0.465 0.4562502075469077 0.734907650185 0.7324016012269334
297.15 243.0 0.469 0.45896004403347485 0.856605400348 0.8533954779697961
297.25 275.0 0.472 0.4618727109044265 0.976257169332 0.9724482934495303
297.15 306.0 0.474 0.4645018779356596 1.09220680227 1.0881264275146754
297.15 331.0 0.476 0.46670039087258386 1.18642016229 1.1822587631425865
297.05 353.0 0.477 0.46854094479273833 1.26919111177 1.265151134581466
297.05 370.0 0.479 0.470038478611986 1.3336464218 1.3297313319955943
297.25 390.0 0.48 0.47198287333486916 1.41062926429 1.4068069856288488
297.35 407.0 0.481 0.4735681875405011 1.47593784901 1.4723097884150533
297.25 252.0 0.47 0.4600518901905851 0.890387070398 0.8870931686059612
297.55 171.0 0.461 0.4533422164888845 0.59209681901 0.5907399764467886
297.45 175.0 0.461 0.4536264166063402 0.606521326774 0.6050851802697449
297.25 177.0 0.461 0.4536455751214168 0.613425482141 0.6119921084849775
297.15 181.0 0.461 0.45393077541154025 0.627845837454 0.626346717892016
296.95 185.0 0.462 0.45412487103851634 0.642063112631 0.6405196848837333
296.75 188.0 0.462 0.454238038806879 0.652614845687 0.6510580664363788
296.55 389.0 0.479 0.47145321338835144 1.40350929595 1.4002542606687987
296.35 555.0 0.487 0.48562937803893125 2.03880275147 2.038579158655448
296.45 563.0 0.488 0.4864127437251554 2.07042968731 2.0702758351444377
296.65 580.0 0.489 0.4880625722283265 2.13769314347 2.137647450573882
296.75 599.0 0.49 0.4897942960588394 2.21216243549 2.21216896609458
296.25 620.0 0.49 0.4911631438238525 2.28994693685 2.289744701896219
296.65 637.0 0.491 0.49298386988845583 2.35922018171 2.358823940486732
296.65 655.0 0.492 0.4945330401940927 2.42937556587 2.4285097631509727
296.45 651.0 0.491 0.49400291341092284 2.41214887947 2.4113187150828757
296.45 661.0 0.492 0.494858199953256 2.45112284572 2.449952763378671
296.35 563.0 0.488 0.4863016140960113 2.06972084557 2.069589873976449
296.35 358.0 0.477 0.4686098946412371 1.28509981864 1.281708103898184
296.35 500.0 0.485 0.4808903216777768 1.82677413789 1.8256461110697637
296.35 557.0 0.487 0.4858192704390804 2.04652880688 2.0463369816681545
296.35 586.0 0.489 0.488324589153458 2.15876127382 2.158776616030825
296.45 444.0 0.482 0.4761618687617793 1.61263892569 1.6103447990346478
296.35 436.0 0.481 0.47539863389470816 1.58152104892 1.5791575576838033
296.35 424.0 0.481 0.47437876872551826 1.53573584171 1.5331698192755872
295.95 565.0 0.487 0.4862078927059227 2.07466927558 2.0746110352964786
295.95 608.0 0.489 0.4899188801137 2.24108174866 2.240954259577966
296.35 755.0 0.495 0.5029453839275565 2.81797270939 2.8084703080075424
296.35 755.0 0.495 0.5029195545415814 2.81797270939 2.80853320028766
296.15 752.0 0.494 0.5024592154991143 2.80431407427 2.7949721900317983
296.35 760.0 0.495 0.503297007326581 2.83760513971 2.8275524355274855
296.35 759.0 0.495 0.5031838541751767 2.83367865365 2.8238442638569157
296.35 753.0 0.495 0.5026407810152139 2.81011973726 2.8012230876424735
296.25 762.0 0.495 0.5033021020031989 2.84449017343 2.834136228401202
295.85 774.0 0.494 0.5039504715270955 2.88768071629 2.8745476640042678
296.05 766.0 0.495 0.5034055492836667 2.85823902178 2.847021605670116
296.05 762.0 0.494 0.5030329790909693 2.84255929905 2.8320404615495525
296.05 780.0 0.495 0.5045492842912775 2.91320982669 2.8997275690303552
295.95 773.0 0.495 0.5038243195272714 2.88473515423 2.8723840577830635
295.85 770.0 0.494 0.5034453615502834 2.87200650121 2.86002138249421
295.75 777.0 0.494 0.5039220466775959 2.89847535334 2.885143896415299
295.75 771.0 0.494 0.5033713460719078 2.87496403072 2.8627762427716292
295.85 770.0 0.494 0.5033436557724186 2.87200650121 2.8603046560351006
295.45 766.0 0.494 0.5026010197437365 2.85244588317 2.840661386695205
295.85 761.0 0.494 0.5025090097442244 2.83673951728 2.8266128790798124
295.45 772.0 0.494 0.5030528927812182 2.87595720579 2.8633117470414784
295.75 774.0 0.494 0.5034685800069627 2.88671969203 2.8744801525957975
295.55 763.0 0.494 0.5023074327539114 2.84167245508 2.8309173362308617
295.75 762.0 0.494 0.5023788243013567 2.83969704679 2.829541569859645
295.95 765.0 0.494 0.5027940767919067 2.85336779817 2.8432269159855306
296.05 759.0 0.494 0.5023457719764101 2.83080363774 2.8217855404872774
295.95 759.0 0.494 0.502225004258914 2.82985647555 2.8207157473744227
296.05 747.0 0.494 0.5012670990430204 2.7837809925 2.776435326296312
296.35 732.0 0.494 0.500246691377803 2.72780329199 2.722565316127816
297.05 725.0 0.495 0.5002942938345123 2.70676077979 2.7029852092502344
296.75 719.0 0.494 0.4994842391714644 2.68050282878 2.6769094700951865
297.75 712.0 0.496 0.4998220394394644 2.66199409549 2.6598034334645915
298.05 707.0 0.496 0.49967162068292215 2.64502329004 2.6433100985679134
298.25 694.0 0.496 0.49874402369866505 2.59564459579 2.594625319661979
298.35 683.0 0.496 0.4978945764763972 2.55324088196 2.552641925691762
298.45 667.0 0.495 0.4966203799162475 2.49123339587 2.491000147115536
298.75 655.0 0.495 0.4958783103464944 2.44657592236 2.4465336725200726
298.65 644.0 0.495 0.49484311076523313 2.40257031455 2.4025797221139205
298.25 636.0 0.494 0.493780779326008 2.36801775629 2.3680278023409884
298.75 622.0 0.494 0.4930613214825781 2.31711370841 2.317034035309422
298.85 606.0 0.493 0.49179232622469743 2.25519447909 2.2549415563488218
299.05 595.0 0.493 0.49104527860522573 2.21364520039 2.213152590828836
298.95 580.0 0.493 0.4896728270641581 2.15425470841 2.1535049319870194
299.35 569.0 0.493 0.4891182939156375 2.11413164554 2.1129624279520787
299.45 554.0 0.492 0.48793790287341127 2.05622243178 2.054627492657675
299.55 539.0 0.492 0.48675741481483953 1.99835803566 1.9963015242058408
299.65 517.0 0.491 0.48498034352637553 1.91326837524 1.9105327148360378
299.35 513.0 0.49 0.4843602010549746 1.89579056946 1.89313126636645
300.45 496.0 0.491 0.4839610010416516 1.83646187694 1.8326269424323707
300.45 476.0 0.49 0.4822615006100892 1.75861223462 1.7542355646743666
301.25 458.0 0.491 0.48149593968681603 1.69317244263 1.6877867182618815
301.15 443.0 0.49 0.4801324606787964 1.63431003642 1.6286748887131968
301.45 423.0 0.489 0.47872421837443224 1.55829147151 1.5520620491203483
301.55 409.0 0.488 0.4776385953564644 1.50453390382 1.4980453124986557
301.85 390.0 0.488 0.47631878998204136 1.43244985111 1.4255678163538652
302.05 374.0 0.487 0.4751629404489302 1.37154985324 1.3644487266866954
302.35 355.0 0.486 0.4738495948539419 1.29955646683 1.2922656727986321
302.75 338.0 0.486 0.47280839223817667 1.23571012133 1.2282848011035958
302.95 324.0 0.485 0.47183494315155 1.18264228824 1.175257455624587
303.15 299.0 0.483 0.4699233778738414 1.08741865072 1.0803629250506777
302.95 283.0 0.481 0.4683876773017272 1.02550243129 1.0189583024814832
302.65 254.0 0.478 0.4656363963271388 0.914152598342 0.9085888086696186
302.45 244.0 0.477 0.46460636384286597 0.875675805916 0.8705366694216493
302.65 227.0 0.476 0.46337734686452475 0.8120000918 0.8073952888239686
302.05 207.0 0.472 0.46108995120166557 0.735279896178 0.731643251752572
302.15 193.0 0.471 0.4600147518416014 0.683149581285 0.6800287732489991
302.65 174.0 0.469 0.45891836305472966 0.61340392485 0.6109142510616189
302.75 157.0 0.467 0.4575904797759837 0.550507549679 0.5486850866502595
303.25 136.0 0.464 0.4563274593919951 0.473853128342 0.4727365549869962
303.35 121.0 0.461 0.4551698728625247 0.418970479401 0.41833666503340156
303.75 104.0 0.458 0.4541434796150614 0.357507114151 0.3572738247406564
304.05 90.0 0.455 0.4532673697129256 0.307143991002 0.3071085351908894
304.05 70.0 0.449 0.451566701520121 0.23545338462 0.23535532378219626
304.35 46.0 0.439 0.4498152280209346 0.15110828302 0.15004756854663723
304.25 33.0 0.43 0.44856055356481517 0.10623075571 0.1039577203039079
304.45 30.0 0.428 0.4484322034518621 0.0960796656258 0.09347336076996987
304.55 22.0 0.421 0.4477637126092193 0.0691519590394 0.06532679508997638
304.75 13.0 0.408 0.4470776379394388 0.0395574853825 0.03378110456239769
304.95 10.0 0.402 0.4468412388766801 0.0299382760677 0.02337714893250128
299.95 14.0 0.404 0.4422004102151083 0.0421275649775 0.035848714945152425
299.85 20.0 0.412 0.44247470299627384 0.0615298125275 0.056710295591920486
299.75 29.0 0.421 0.4430394033885101 0.0912549541029 0.08803158152921549
299.45 36.0 0.426 0.44326901211123526 0.114661042102 0.11232077840021405
299.65 45.0 0.431 0.4441813345225363 0.145349761336 0.1439150004130436
299.55 58.0 0.437 0.44516366945656266 0.190104934096 0.1894774689012529
299.55 74.0 0.443 0.44652499869024903 0.246014701535 0.24589025384124463
299.55 88.0 0.448 0.4477295054229386 0.295490925486 0.29549316297495626
299.45 104.0 0.451 0.4490201148671417 0.352442023115 0.3523458688763497
299.35 120.0 0.455 0.4503154360979551 0.409836906411 0.40946334563209075
299.25 139.0 0.458 0.4518779589329921 0.478500580539 0.4776576809222087
299.25 157.0 0.461 0.45345541117973065 0.54414603325 0.5427589726337414
298.95 174.0 0.463 0.4546507375305266 0.605903081181 0.6040330451306193
299.05 188.0 0.465 0.4559828669010346 0.657673093966 0.6553299713894838
298.95 208.0 0.468 0.4576369117717547 0.731440006094 0.7284994102289959
298.85 225.0 0.469 0.4590321766102962 0.794360519185 0.7909586674396197
298.65 244.0 0.471 0.4605005133724119 0.864673761089 0.8608508578126842
298.65 262.0 0.473 0.4620780218748046 0.932046687873 0.9278325857996952
298.35 276.0 0.474 0.4630162669412804 0.983619839169 0.9792986472521288
298.25 295.0 0.475 0.46458207440750526 1.05476660536 1.0502239437502148
298.35 312.0 0.477 0.46616629635611057 1.11927342351 1.114537492665355
298.15 332.0 0.478 0.4677186802195772 1.19419682696 1.1894728698068646
297.75 350.0 0.478 0.46890539764451494 1.26080021027 1.2563162501885767
297.85 371.0 0.48 0.47083015154738433 1.34105611998 1.3366247691378967
297.55 386.0 0.48 0.47185302714734306 1.39679849695 1.3927016165768031
298.05 266.0 0.472 0.46198847758155887 0.945151357309 0.9412261213886361
298.05 175.0 0.462 0.4541607592507678 0.607744889434 0.6061628186713645
297.95 179.0 0.462 0.45443413071546873 0.622199130572 0.620537683499171
297.95 185.0 0.463 0.45497363992966394 0.644228372126 0.6423997190660233
298.05 183.0 0.463 0.4549185461507648 0.63709680792 0.635309651828006
298.15 187.0 0.464 0.45537928747621165 0.652015381313 0.6500974045266479
298.15 190.0 0.464 0.4556607012671203 0.663057136067 0.6610609348595629
297.85 361.0 0.479 0.4701096310712764 1.30301095296 1.298650839347886
298.05 532.0 0.489 0.48501103583225885 1.96119466786 1.9598884504045166
298.05 549.0 0.49 0.48647774136641514 2.02718211989 2.0262636409205967
298.15 559.0 0.49 0.4874346349116218 2.06673513146 2.065995066816144
298.05 578.0 0.491 0.4889792414731916 2.13999548824 2.1396161136491716
297.45 594.0 0.491 0.4898032531079314 2.19791261475 2.197847107498129
297.35 609.0 0.491 0.4910026297679198 2.2555822931 2.2555823592000253
297.65 633.0 0.493 0.4933436354956172 2.35152248997 2.35147864120077
297.35 641.0 0.492 0.4937537378660124 2.38039335925 2.3802034559513703
297.55 658.0 0.493 0.4953972348449639 2.4484799855 2.4480232002702778
297.55 616.0 0.492 0.49178170725130443 2.28439045577 2.284397292922032
297.75 346.0 0.478 0.4687522453321704 1.24563366207 1.2413052334521972
297.75 455.0 0.485 0.4781375716280786 1.66197173661 1.6590408959762004
297.75 560.0 0.49 0.4871718130196936 2.0678534144 2.067272099046761
297.65 633.0 0.493 0.49335844756759717 2.35152248997 2.3514761870947707
297.55 579.0 0.49 0.4886244305555758 2.14028894732 2.1400549834411815
297.55 389.0 0.481 0.4722950922946011 1.40823084324 1.4043337810183232
297.25 409.0 0.481 0.47375335497160864 1.4830781761 1.4796302743087626
297.45 545.0 0.489 0.4856345845956477 2.00758622707 2.006849268104707
297.35 578.0 0.49 0.488383774279835 2.13496766326 2.1347676685334336
297.45 753.0 0.496 0.5035147699155103 2.82054493635 2.813785063035633
297.35 770.0 0.497 0.5048652583951908 2.88657653833 2.87746629211336
297.25 781.0 0.497 0.5056978907269722 2.92896055092 2.918041136175114
297.25 788.0 0.497 0.5062751250925044 2.95655700551 2.944550577517478
296.95 791.0 0.497 0.5062322851226988 2.96539548202 2.9522609959150663
297.15 787.0 0.497 0.5060464144176199 2.95162567437 2.9397102952295673
297.15 799.0 0.497 0.5070499263820664 2.99893388224 2.9849619132124383
297.15 803.0 0.498 0.507363875984946 3.01470432089 3.000067728980236
297.05 802.0 0.497 0.5071594256215719 3.00976476138 2.9951425088087875
296.95 805.0 0.497 0.5072949044868255 3.0205883912 3.0052122767086624
296.75 806.0 0.497 0.50716626813671 3.02250191925 3.006502756248407
297.25 808.0 0.498 0.507768005344926 3.03548849332 3.0204607085218877
297.25 806.0 0.498 0.5075690022263355 3.02758792742 3.0130459592429193
297.25 803.0 0.498 0.5072855432283286 3.01573707857 3.001859953064333
296.95 799.0 0.497 0.5066409689329103 2.99693428726 2.9831617652393154
296.75 809.0 0.497 0.5072817916229145 3.03432897121 3.0181835952708522
296.65 801.0 0.497 0.5064768925362015 3.00176464911 2.987090543526744
296.95 792.0 0.497 0.5059606785269599 2.96933783267 2.9570697546438613
296.95 796.0 0.497 0.506276819913551 2.9851072353 2.972207596814281
296.95 796.0 0.497 0.5062511594307226 2.9851072353 2.972283353552714
296.85 788.0 0.497 0.5054518781568467 2.95255770112 2.940985744425093
296.85 784.0 0.496 0.5050887539357876 2.93680854039 2.9259425413619855
296.85 779.0 0.496 0.5046393816133754 2.91713644859 2.9070915193810967
297.35 774.0 0.497 0.5046585031140176 2.90234594095 2.893967039727944
298.25 764.0 0.498 0.5046304857882279 2.87160255333 2.865856257179585
298.35 755.0 0.498 0.5039437218077698 2.83700379424 2.8323079872557817
298.45 747.0 0.498 0.5033441495424622 2.80634847189 2.802492628127297
