4.03
3.85
4.06
4.2
1.61
0.69
1.17
49.24
67.16
69.84
27.16
36.08
246.08
246.81
220.61
204.56
218.3
239.92
220.93
54.09
13
11.45
9.17
14.48
122.34
227.71
189.18
194.84
191.62
182.75
190.13
210.79
204.37
215.22
201.71
196.22
113.65
116.08
255.46
248.22
233.18
224.17
242.75
224.31
242.54
220.52
212.61
132.03
195.65
198.92
225.05
204.11
208.72
328.22
338.47
329.09
602.2
601.48
620.81
602.2
763.1
764.86
764.34
772.03
764.3
770.24
775.71
777.83
778.56
782.23
767.2
764.62
786.72
782.34
786.41
582.39
585.27
703.21
774.6
772.57
770.46
773.87
792.73
794.69
782.67
765.53
768.73
773.46
767.92
745.06
743.38
745.23
743.26
740.5
750.06
752.38
660.62
658.3
631.6
653.28
640.19
642.43
644.89
617.13
595.45
582.54
638.03
644.35
472.75
447.71
470.79
478.67
514.07
535.26
513.34
499.82
521.16
519.67
493.64
483.14
315.76
364.09
383.02
318.74
330.06
306.92
274.85
263.99
249.17
234.85
222.12
255.05
63.94
49.05
48.04
15.63
16.52
15.08
155.32
155.18
146.07
166.58
134.93
149.9
10.44
10.26
17.05
56.19
69.21
9.31
9.43
9.89
9.66
10.12
12.96
10.1
0.56
0.58
0.57
0.58
0.49
0.51
0.54
0.55
0.57
0.54
0.57
0.65
0
0
0
0
0
0
0
0
0
0
0
0
0
0
0
0
0
0
0
0
0
0
0
0
0
0
0
0
0
0
0
0
0
0
0
0
0
0
0
0
0
0
0
0
0
0
0
0
0
0
0
0
0
0
0
0
0
0
0
0
0
0
0
0
0
0
0
0
0
0
0
0
0
0
0
0
0
0
0
0
0
0
0
0
0
0
0
0
0
0
0
0
0
0
0
0
0
0
0
0
0
0
0
0
0
0
0
0
0
0
0
0
0
0
0
0
0
0
0
0
4.39
4.22
3.88
4.24
4.49
2.26
3.65
3.29
3.06
5.3
5.39
4.98
62.43
91.73
119.4
131.53
154.13
169.54
157.98
144.34
24.73
5.57
8.68
17.04
128.5
98.31
162.29
179.33
188.25
185.23
175.59
185.61
174.29
182.01
193.11
200.35
376.72
410.12
396.81
465.6
392.68
362.06
382.77
389.8
377.63
394.83
422.46
468.95
610.18
622.12
629.25
659.85
504.23
440.95
412.1
399.63
461.48
437.11
423.67
313.71
522.14
620.4
602.89
630.64
615.46
631.61
501.76
495
361
436
351
366
343
391
872
893
761
417
516
515
755
618
728
806
805
597
392
390
443
587
468
633
585
770
728
728
736
737
714
734
689
671
371
522
642
641
619
575
564
579
541
443
502
531
518
488
346
427
380
206
216
214
180
145
117
115
130
125
106
96
86
80
77
69
64
54
47
40
31
17
8
4
0
0
0
0
0
0
0
0
0
0
0
0
0
0
0
0
0
0
0
0
0
0
0
0
0
0
0
0
0
0
0
0
0
0
0
0
0
0
0
0
0
0
0
0
0
0
0
0
0
0
0
0
0
0
0
0
0
0
0
0
0
0
0
0
0
0
0
0
0
0
0
0
0
0
0
0
0
0
0
0
0
0
0
0
0
0
0
0
0
0
0
0
0
0
0
0
0
0
0
0
0
0
0
0
0
0
0
0
0
0
0
0
0
0
0
0
0
0
0
0
0
0
0
0
0
0
0
0
0
0
0
0
0
0
0
0
0
0
0
0
0
0
0
0
0
0
0
0
0
0
0
0
0
0
0
0
0
0
0
0
0
3
10
16
23
31
36
58
66
64
72
123
142
170
186
202
195
249
268
290
305
323
340
357
380
395
411
405
161
198
188
191
166
150
175
360
614
592
562
575
621
694
689
693
616
296
383
392
345
678
743
531
450
608
802
797
815
480
823
752
516
755
816
839
834
809
731
848
860
858
852
843
840
843
841
835
826
821
819
809
809
785
794
764
786
776
706
592
771
609
750
684
728
740
473
453
473
581
584
596
384
548
377
436
552
579
487
498
322
238
405
338
223
136
224
160
209
246
201
69
60
109
76
53
51
41
45
27
24
18
8
0
0
0
0
0
0
0
0
0
0
0
0
0
0
0
0
0
0
0
0
0
0
0
0
0
0
0
0
0
0
0
0
0
0
0
0
0
0
0
0
0
0
0
0
0
0
0
0
0
0
0
0
0
0
0
0
0
0
0
0
0
0
0
0
0
0
0
0
0
0
0
0
0
0
0
0
0
0
0
0
0
0
0
0
0
0
0
0
0
0
0
0
0
0
0
0
0
0
0
0
0
0
0
0
0
0
0
0
0
0
0
0
0
0
0
0
0
0
0
0
0
0
0
0
0
0
0
0
0
0
0
0
0
0
0
0
0
0
0
0
0
0
0
0
0
0
0
0
0
0
0
0
0
0
0
0
0
1
8
18
27
30
36
51
67
82
98
115
130
145
163
186
209
204
240
265
271
300
325
345
352
379
405
419
423
171
153
154
157
161
170
183
513
567
589
564
632
625
542
650
427
486
245
404
579
323
565
739
532
419
625
775
789
791
802
801
827
825
829
832
839
780
579
564
315
611
811
807
798
809
821
808
806
804
786
786
782
781
766
758
749
727
717
704
681
670
662
648
645
617
597
575
561
550
533
524
507
482
466
437
433
420
399
391
374
366
351
326
308
294
258
245
232
209
195
181
164
145
120
97
80
61
49
34
25
19
11
4
1
1
0
0
0
0
0
0
0
0
0
0
0
0
0
0
0
0
0
0
0
0
0
0
0
0
0
0
0
0
0
0
0
0
0
0
0
0
0
0
0
0
0
0
0
0
0
0
0
0
0
0
0
0
0
0
0
0
0
0
0
0
0
0
0
0
0
0
0
0
0
0
0
0
0
0
0
0
0
0
0
0
0
0
0
0
0
0
0
0
0
0
0
0
0
0
0
0
0
0
0
0
0
0
0
0
0
0
0
0
0
0
0
0
0
0
0
0
0
0
0
0
0
0
0
0
0
0
0
0
0
0
0
0
0
0
0
0
0
0
0
0
0
0
0
0
0
0
0
0
0
0
0
0
0
0
0
1
7
15
25
34
46
62
77
94
110
126
141
157
168
192
207
214
221
231
255
274
294
313
315
342
359
378
396
219
194
197
202
205
208
212
465
547
563
575
588
597
606
613
624
637
378
389
588
393
440
629
529
442
597
711
731
747
751
757
775
781
811
816
820
799
810
813
825
777
812
610
714
832
849
846
815
818
769
650
586
761
750
695
659
744
304
224
414
258
165
540
635
535
559
593
590
579
537
526
528
521
480
460
457
437
422
404
386
370
354
334
314
294
263
244
233
214
194
180
157
146
122
97
87
73
55
38
28
21
13
6
0
0
0
0
0
0
0
0
0
0
0
0
0
0
0
0
0
0
0
0
0
0
0
0
0
0
0
0
0
0
0
0
0
0
0
0
0
0
0
0
0
0
0
0
0
0
0
0
0
0
0
0
0
0
0
0
0
0
0
0
0
0
0
0
0
0
0
0
0
0
0
0
0
0
0
0
0
0
0
0
0
0
0
0
0
0
0
0
0
0
0
0
0
0
0
0
0
0
0
0
0
0
0
0
0
0
0
0
0
0
0
0
0
0
0
0
0
0
0
0
0
0
0
0
0
0
0
0
0
0
0
0
0
0
0
0
0
0
0
0
0
0
0
0
0
0
0
0
0
0
0
0
0
0
0
0
0
0
0
2
8
13
18
23
31
38
47
57
66
76
89
101
110
119
132
168
214
200
223
244
260
400
422
434
310
263
245
243
253
262
277
291
408
490
592
576
594
568
626
645
656
655
463
399
583
480
409
547
546
447
605
686
736
750
754
763
766
767
773
777
776
778
790
779
784
781
785
783
775
786
764
752
707
757
771
757
709
304
233
495
484
600
678
659
668
683
689
677
654
665
644
616
441
567
509
496
493
474
491
493
450
376
406
385
356
335
307
285
262
244
229
213
200
188
181
165
145
134
122
106
92
78
59
45
35
23
13
5
0
0
0
0
0
0
0
0
0
0
0
0
0
0
0
0
0
0
0
0
0
0
0
0
0
0
0
0
0
0
0
0
0
0
0
0
0
0
0
0
0
0
0
0
0
0
0
0
0
0
0
0
0
0
0
0
0
0
0
0
0
0
0
0
0
0
0
0
0
0
0
0
0
0
0
0
0
0
0
0
0
0
0
0
0
0
0
0
0
0
0
0
0
0
0
0
0
0
0
0
0
0
0
0
0
0
0
0
0
0
0
0
0
0
0
0
0
0
0
0
0
0
0
0
0
0
0
0
0
0
0
0
0
0
0
0
0
0
0
0
0
0
0
0
0
0
0
0
0
0
0
0
0
0
0
0
0
0
0
5
12
19
25
32
40
54
61
71
79
90
85
107
121
137
180
212
229
211
220
273
295
313
332
350
369
245
199
206
210
217
227
234
409
510
526
549
570
584
594
606
623
641
485
379
525
541
469
436
516
434
580
632
728
742
757
762
759
770
776
780
779
774
779
779
785
791
790
778
779
778
771
767
766
766
763
765
758
755
750
739
725
721
708
695
682
682
674
657
640
584
616
612
599
582
569
553
537
523
509
490
472
456
438
425
405
392
371
351
328
314
293
264
260
241
209
187
143
142
142
119
107
88
67
40
27
22
14
6
0
0
0
0
0
0
0
0
0
0
0
0
0
0
0
0
0
0
0
0
0
0
0
0
0
0
0
0
0
0
0
0
0
0
0
0
0
0
0
0
0
0
0
0
0
0
0
0
0
0
0
0
0
0
0
0
0
0
0
0
0
0
0
0
0
0
0
0
0
0
0
0
0
0
0
0
0
0
0
0
0
0
0
0
0
0
0
0
0
0
0
0
0
0
0
0
0
0
0
0
0
0
0
0
0
0
0
0
0
0
0
0
0
0
0
0
0
0
0
0
0
0
0
0
0
0
0
0
0
0
0
0
0
0
0
0
0
0
0
0
0
0
0
0
0
0
0
0
0
0
0
0
0
0
0
0
0
0
5
13
20
29
40
47
55
72
74
93
118
138
158
171
174
201
202
200
210
243
275
306
331
353
370
390
407
252
171
175
177
181
185
188
389
555
563
580
599
620
637
655
651
661
563
358
500
557
586
444
436
424
565
608
755
755
752
760
759
753
762
774
766
762
780
773
770
777
771
770
766
761
772
774
763
762
765
759
759
747
732
725
719
712
707
694
683
667
655
644
636
622
606
595
580
569
554
539
517
513
496
476
458
443
423
409
390
374
355
338
324
299
283
254
244
227
207
193
174
157
136
121
104
90
70
46
33
30
22
13
10
4
0
0
0
0
0
0
0
0
0
0
0
0
0
0
0
0
0
0
0
0
0
0
0
0
0
0
0
0
0
0
0
0
0
0
0
0
0
0
0
0
0
0
0
0
0
0
0
0
0
0
0
0
0
0
0
0
0
0
0
0
0
0
0
0
0
0
0
0
0
0
0
0
0
0
0
0
0
0
0
0
0
0
0
0
0
0
0
0
0
0
0
0
0
0
0
0
0
0
0
0
0
0
0
0
0
0
0
0
0
0
0
0
0
0
0
0
0
0
0
0
0
0
0
0
0
0
0
0
0
0
0
0
0
0
0
0
0
0
0
0
0
0
0
0
0
0
0
0
0
0
0
0
0
0
0
0
0
6
14
20
29
36
45
58
74
88
104
120
139
157
174
188
208
225
244
262
276
295
312
332
350
371
386
266
175
179
185
183
187
190
361
532
549
559
578
594
609
633
641
658
616
346
455
560
633
579
389
409
545
578
753
770
781
788
791
787
799
803
802
805
806
808
806
803
799
809
801
792
796
796
788
784
779
774
764
755
747
736
719
713
707
694
684
666
656
654
638
634
620
603
594
575
550
528
532
500
491
485
454
439
431
411
390
373
364
349
317
295
268
225
219
222
206
188
169
151
139
120
103
86
63
40
29
24
15
7
1
1
0
0
0
0
0
0
0
0
0
0
0
0
0
0
0
0
0
0
0
0
0
0
0
0
0
0
0
0
0
0
0
0
0
0
0
0
0
0
0
0
0
0
0
0
0
0
0
0
0
0
0
0
0
0
0
0
0
0
0
0
0
0
0
0
0
0
0
0
0
0
0
0
0
0
0
0
0
0
0
0
0
0
0
0
0
0
0
0
0
0
0
0
0
0
0
0
0
0
0
0
0
0
0
0
0
0
0
0
0
0
0
0
0
0
0
0
0
0
0
0
0
0
0
0
0
0
0
0
0
0
0
0
0
0
0
0
0
0
0
0
0
0
0
0
0
0
0
0
0
0
0
0
0
0
0
0
2
8
15
24
34
47
61
76
95
112
130
150
168
186
207
230
248
272
291
313
331
357
384
402
418
435
451
284
110
112
114
114
115
115
326
610
627
642
650
665
685
699
710
730
732
347
369
625
648
755
485
385
543
596
823
833
842
844
853
855
854
866
863
865
862
861
863
862
863
857
854
859
853
850
848
840
827
820
816
813
802
805
788
784
775
763
748
726
720
708
697
684
666
652
632
608
604
581
562
553
538
524
504
483
467
454
439
427
403
386
355
336
318
285
281
279
254
231
208
184
171
149
128
111
88
55
33
27
19
10
3
2
0
0
0
0
0
0
0
0
0
0
0
0
0
0
0
0
0
0
0
0
0
0
0
0
0
0
0
0
0
0
0
0
0
0
0
0
0
0
0
0
0
0
0
0
0
0
0
0
0
0
0
0
0
0
0
0
0
0
0
0
0
0
0
0
0
0
0
0
0
0
0
0
0
0
0
0
0
0
0
0
0
0
0
0
0
0
0
0
0
0
0
0
0
0
0
0
0
0
0
0
0
0
0
0
0
0
0
0
0
0
0
0
0
0
0
0
0
0
0
0
0
0
0
0
0
0
0
0
0
0
0
0
0
0
0
0
0
0
0
0
0
0
0
0
0
0
0
0
0
0
0
0
0
0
0
0
2
8
12
18
32
50
65
86
105
124
146
166
192
210
234
257
279
299
318
339
360
380
399
421
445
460
478
314
88
89
92
90
91
91
286
632
650
665
686
701
709
725
743
746
767
416
304
583
681
812
710
401
540
597
831
837
846
849
852
856
858
866
865
875
868
882
875
873
867
857
862
862
851
847
838
833
837
822
820
805
800
791
777
776
754
739
733
722
708
695
668
660
660
647
631
617
600
583
565
543
535
516
495
478
460
446
432
408
386
370
349
332
316
277
264
249
230
210
189
169
155
137
120
100
80
57
33
28
20
11
4
2
0
0
0
0
0
0
0
0
0
0
0
0
0
0
0
0
0
0
0
0
0
0
0
0
0
0
0
0
0
0
0
0
0
0
0
0
0
0
0
0
0
0
0
0
0
0
0
0
0
0
0
0
0
0
0
0
0
0
0
0
0
0
0
0
0
0
0
0
0
0
0
0
0
0
0
0
0
0
0
0
0
0
0
0
0
0
0
0
0
0
0
0
0
0
0
0
0
0
0
0
0
0
0
0
0
0
0
0
0
0
0
0
0
0
0
0
0
0
0
0
0
0
0
0
0
0
0
0
0
0
0
0
0
0
0
0
0
0
0
0
0
0
0
0
0
0
0
0
0
0
0
0
0
0
0
0
0
5
13
18
29
49
66
84
103
123
141
162
183
203
228
251
270
290
311
332
357
373
395
415
435
450
463
340
97
98
98
96
95
96
254
626
643
659
676
688
704
717
729
743
762
509
289
491
624
761
780
396
543
577
818
839
844
858
853
868
872
868
862
865
865
860
856
861
861
858
848
848
855
842
843
844
838
831
821
819
813
793
784
770
757
746
748
724
719
708
709
686
667
637
613
603
594
592
576
560
536
521
504
489
470
452
434
417
399
374
353
332
315
280
266
255
235
213
194
177
164
145
122
99
78
55
31
26
19
10
4
3
0
0
0
0
0
0
0
0
0
0
0
0
0
0
0
0
0
0
0
0
0
0
0
0
0
0
0
0
0
0
0
0
0
0
0
0
0
0
0
0
0
0
0
0
0
0
0
0
0
0
0
0
0
0
0
0
0
0
0
0
0
0
0
0
0
0
0
0
0
0
0
0
0
0
0
0
0
0
0
0
0
0
0
0
0
0
0
0
0
0
0
0
0
0
0
0
0
0
0
0
0
0
0
0
0
0
0
0
0
0
0
0
0
0
0
0
0
0
0
0
0
0
0
0
0
0
0
0
0
0
0
0
0
0
0
0
0
0
0
0
0
0
0
0
0
0
0
0
0
0
0
0
0
0
0
0
0
6
12
17
25
44
64
81
98
119
141
160
184
204
228
250
273
292
313
334
354
372
395
415
434
455
478
369
99
96
96
97
96
98
221
613
637
658
682
700
709
721
732
760
765
611
305
449
654
814
829
392
551
531
824
850
867
874
867
875
876
889
881
877
887
884
889
873
870
865
874
891
880
868
863
860
846
828
837
817
801
787
794
798
785
763
751
727
731
718
700
683
679
656
634
631
612
596
576
563
539
524
507
492
473
456
441
421
400
385
366
341
321
281
264
258
240
226
205
175
163
145
126
105
83
57
38
29
21
12
5
4
0
0
0
0
0
0
0
0
0
0
0
0
0
0
0
0
0
0
0
0
0
0
0
0
0
0
0
0
0
0
0
0
0
0
0
0
0
0
0
0
0
0
0
0
0
0
0
0
0
0
0
0
0
0
0
0
0
0
0
0
0
0
0
0
0
0
0
0
0
0
0
0
0
0
0
0
0
0
0
0
0
0
0
0
0
0
0
0
0
0
0
0
0
0
0
0
0
0
0
0
0
0
0
0
0
0
0
0
0
0
0
0
0
0
0
0
0
0
0
0
0
0
0
0
0
0
0
0
0
0
0
0
0
0
0
0
0
0
0
0
0
0
0
0
0
0
0
0
0
0
0
0
0
0
0
0
1
6
11
17
23
41
60
75
91
109
129
149
170
193
215
240
261
283
304
330
349
366
388
405
423
440
458
386
102
103
104
108
109
106
200
612
634
650
672
691
689
704
729
741
753
701
329
364
634
786
799
431
517
506
795
841
852
859
871
869
854
871
862
876
874
866
869
889
888
886
875
873
871
874
863
864
862
856
850
838
818
820
804
800
783
774
770
756
740
734
714
705
687
673
662
643
638
621
607
593
572
552
535
520
499
482
466
447
428
407
386
364
347
317
283
281
261
235
211
189
179
164
142
120
94
60
37
25
21
12
5
2
2
0
0
0
0
0
0
0
0
0
0
0
0
0
0
0
0
0
0
0
0
0
0
0
0
0
0
0
0
0
0
0
0
0
0
0
0
0
0
0
0
0
0
0
0
0
0
0
0
0
0
0
0
0
0
0
0
0
0
0
0
0
0
0
0
0
0
0
0
0
0
0
0
0
0
0
0
0
0
0
0
0
0
0
0
0
0
0
0
0
0
0
0
0
0
0
0
0
0
0
0
0
0
0
0
0
0
0
0
0
0
0
0
0
0
0
0
0
0
0
0
0
0
0
0
0
0
0
0
0
0
0
0
0
0
0
0
0
0
0
0
0
0
0
0
0
0
0
0
0
0
0
0
0
0
0
0
7
13
20
26
42
62
78
95
109
128
147
157
169
198
217
220
240
285
302
321
341
363
383
396
413
424
384
127
128
132
137
138
139
198
573
601
618
632
632
633
666
679
700
713
706
402
319
583
748
745
504
469
532
706
780
806
818
792
798
810
792
829
841
839
841
795
805
820
816
826
806
812
790
730
759
750
773
695
581
666
777
783
736
726
711
643
650
635
617
681
687
657
635
579
560
539
502
531
524
520
502
490
466
458
438
428
411
391
367
354
331
311
296
259
252
240
221
209
184
170
158
139
118
97
67
46
36
29
20
12
8
2
0
0
0
0
0
0
0
0
0
0
0
0
0
0
0
0
0
0
0
0
0
0
0
0
0
0
0
0
0
0
0
0
0
0
0
0
0
0
0
0
0
0
0
0
0
0
0
0
0
0
0
0
0
0
0
0
0
0
0
0
0
0
0
0
0
0
0
0
0
0
0
0
0
0
0
0
0
0
0
0
0
0
0
0
0
0
0
0
0
0
0
0
0
0
0
0
0
0
0
0
0
0
0
0
0
0
0
0
0
0
0
0
0
0
0
0
0
0
0
0
0
0
0
0
0
0
0
0
0
0
0
0
0
0
0
0
0
0
0
0
0
0
0
0
0
0
0
0
0
0
0
0
0
0
2
5
9
15
21
27
40
58
73
88
102
119
138
151
171
191
213
236
256
275
296
315
336
357
373
395
409
429
403
144
140
143
143
146
148
188
548
576
583
605
615
609
641
635
654
645
697
433
276
550
715
712
555
426
527
669
786
790
801
812
813
817
816
829
819
833
831
837
834
845
825
794
819
819
813
798
813
798
788
789
765
756
765
753
745
728
708
707
695
700
679
667
654
644
632
618
608
587
576
557
542
524
509
490
478
456
437
422
408
392
378
360
334
315
295
259
254
240
215
194
174
168
151
129
116
92
68
43
30
29
16
10
7
2
0
0
0
0
0
0
0
0
0
0
0
0
0
0
0
0
0
0
0
0
0
0
0
0
0
0
0
0
0
0
0
0
0
0
0
0
0
0
0
0
0
0
0
0
0
0
0
0
0
0
0
0
0
0
0
0
0
0
0
0
0
0
0
0
0
0
0
0
0
0
0
0
0
0
0
0
0
0
0
0
0
0
0
0
0
0
0
0
0
0
0
0
0
0
0
0
0
0
0
0
0
0
0
0
0
0
0
0
0
0
0
0
0
0
0
0
0
0
0
0
0
0
0
0
0
0
0
0
0
0
0
0
0
0
0
0
0
0
0
0
0
0
0
0
0
0
0
0
0
0
0
0
0
0
0
1
8
15
22
27
36
54
68
84
97
116
133
151
171
186
201
218
238
255
277
295
317
333
353
363
381
400
396
172
167
167
169
174
175
197
529
571
588
603
617
628
646
657
672
679
688
511
319
545
720
683
614
447
504
640
766
787
796
806
805
813
813
818
815
821
819
823
827
823
822
821
819
813
819
807
802
799
792
769
751
764
766
741
729
734
719
704
704
698
682
667
652
635
619
594
581
574
557
547
534
502
489
465
448
434
429
414
389
361
344
338
320
308
289
256
238
229
211
192
168
150
141
122
108
87
69
43
30
26
17
9
2
2
0
0
0
0
0
0
0
0
0
0
0
0
0
0
0
0
0
0
0
0
0
0
0
0
0
0
0
0
0
0
0
0
0
0
0
0
0
0
0
0
0
0
0
0
0
0
0
0
0
0
0
0
0
0
0
0
0
0
0
0
0
0
0
0
0
0
0
0
0
0
0
0
0
0
0
0
0
0
0
0
0
0
0
0
0
0
0
0
0
0
0
0
0
0
0
0
0
0
0
0
0
0
0
0
0
0
0
0
0
0
0
0
0
0
0
0
0
0
0
0
0
0
0
0
0
0
0
0
0
0
0
0
0
0
0
0
0
0
0
0
0
0
0
0
0
0
0
0
0
0
0
0
0
0
0
1
6
12
18
26
38
58
70
83
98
114
130
147
165
186
205
222
228
245
263
293
310
325
345
365
383
398
398
168
157
155
154
156
162
177
509
554
566
590
606
616
628
647
658
670
682
576
364
475
701
638
647
439
464
587
749
752
767
775
774
781
782
796
791
798
798
792
791
792
767
746
742
742
762
748
750
739
719
735
745
726
716
723
712
701
684
664
648
655
662
653
628
617
605
596
579
563
548
529
503
504
498
474
460
442
428
402
385
367
353
341
316
292
287
255
244
232
216
199
174
157
143
128
109
88
73
49
33
26
16
9
5
2
0
0
0
0
0
0
0
0
0
0
0
0
0
0
0
0
0
0
0
0
0
0
0
0
0
0
0
0
0
0
0
0
0
0
0
0
0
0
0
0
0
0
0
0
0
0
0
0
0
0
0
0
0
0
0
0
0
0
0
0
0
0
0
0
0
0
0
0
0
0
0
0
0
0
0
0
0
0
0
0
0
0
0
0
0
0
0
0
0
0
0
0
0
0
0
0
0
0
0
0
0
0
0
0
0
0
0
0
0
0
0
0
0
0
0
0
0
0
0
0
0
0
0
0
0
0
0
0
0
0
0
0
0
0
0
0
0
0
0
0
0
0
0
0
0
0
0
0
0
0
0
0
0
0
0
3
7
13
20
27
38
59
74
89
105
124
145
162
179
199
214
222
240
253
270
269
257
294
302
342
359
368
347
171
161
165
168
166
169
177
465
558
579
591
608
616
622
648
659
666
678
657
451
435
707
620
688
393
512
537
750
758
763
769
772
783
782
779
775
774
781
781
786
786
787
784
783
780
778
772
769
761
762
762
751
739
734
726
716
708
701
691
683
671
663
645
640
629
613
598
582
570
556
540
521
511
491
476
460
440
424
404
388
372
354
334
315
300
279
252
240
230
208
187
166
149
136
119
105
87
71
52
37
28
20
13
10
5
0
0
0
0
0
0
0
0
0
0
0
0
0
0
0
0
0
0
0
0
0
0
0
0
0
0
0
0
0
0
0
0
0
0
0
0
0
0
0
0
0
0
0
0
0
0
0
0
0
0
0
0
0
0
0
0
0
0
0
0
0
0
0
0
0
0
0
0
0
0
0
0
0
0
0
0
0
0
0
0
0
0
0
0
0
0
0
0
0
0
0
0
0
0
0
0
0
0
0
0
0
0
0
0
0
0
0
0
0
0
0
0
0
0
0
0
0
0
0
0
0
0
0
0
0
0
0
0
0
0
0
0
0
0
0
0
0
0
0
0
0
0
0
0
0
0
0
0
0
0
0
0
0
0
0
1
5
9
15
20
27
40
50
59
80
82
123
137
162
186
207
228
245
264
279
303
319
341
361
381
402
418
432
186
149
154
157
158
157
164
505
583
600
616
632
639
654
664
678
682
700
696
516
400
636
606
724
360
559
455
727
718
778
784
794
795
797
818
811
800
807
791
795
803
804
817
787
813
816
802
811
817
809
794
794
797
777
706
773
778
723
677
689
679
663
661
657
656
640
620
606
586
574
562
534
497
504
512
479
492
474
462
435
413
393
373
377
359
332
296
283
258
191
203
207
185
151
151
124
101
88
65
42
33
22
20
18
9
3
0
0
0
0
0
0
0
0
0
0
0
0
0
0
0
0
0
0
0
0
0
0
0
0
0
0
0
0
0
0
0
0
0
0
0
0
0
0
0
0
0
0
0
0
0
0
0
0
0
0
0
0
0
0
0
0
0
0
0
0
0
0
0
0
0
0
0
0
0
0
0
0
0
0
0
0
0
0
0
0
0
0
0
0
0
0
0
0
0
0
0
0
0
0
0
0
0
0
0
0
0
0
0
0
0
0
0
0
0
0
0
0
0
0
0
0
0
0
0
0
0
0
0
0
0
0
0
0
0
0
0
0
0
0
0
0
0
0
0
0
0
0
0
0
0
0
0
0
0
0
0
0
0
1
7
13
18
24
30
40
74
89
101
121
142
153
169
196
221
242
267
295
317
339
360
377
385
406
427
459
475
485
168
103
105
107
107
109
117
502
634
654
677
696
715
730
743
745
754
770
788
581
367
348
500
766
358
645
360
850
857
874
883
894
889
896
897
895
912
916
919
893
844
875
889
888
883
881
879
880
877
860
855
850
840
826
817
809
806
795
783
778
769
751
738
735
729
699
678
672
655
644
637
618
602
574
552
544
527
513
498
476
455
438
423
406
381
354
322
285
286
278
251
225
176
172
157
151
127
119
69
55
41
29
23
16
9
3
0
0
0
0
0
0
0
0
0
0
0
0
0
0
0
0
0
0
0
0
0
0
0
0
0
0
0
0
0
0
0
0
0
0
0
0
0
0
0
0
0
0
0
0
0
0
0
0
0
0
0
0
0
0
0
0
0
0
0
0
0
0
0
0
0
0
0
0
0
0
0
0
0
0
0
0
0
0
0
0
0
0
0
0
0
0
0
0
0
0
0
0
0
0
0
0
0
0
0
0
0
0
0
0
0
0
0
0
0
0
0
0
0
0
0
0
0
0
0
0
0
0
0
0
0
0
0
0
0
0
0
0
0
0
0
0
0
0
0
0
0
0
0
0
0
0
0
0
0
0
0
0
0
0
3
10
16
22
25
36
52
60
87
103
134
160
140
141
200
166
241
318
240
305
368
196
358
360
399
429
489
439
255
169
174
189
199
176
171
514
634
640
629
662
672
680
706
724
732
733
748
625
384
326
284
466
398
595
424
776
825
837
853
840
826
856
834
862
866
865
855
723
623
861
916
915
877
883
877
874
859
856
882
686
694
600
630
638
695
704
649
635
530
568
486
606
624
586
427
465
458
455
423
482
497
570
523
515
497
489
467
444
424
404
381
363
351
331
301
274
271
254
218
212
178
169
161
147
124
105
67
55
39
27
19
14
9
3
0
0
0
0
0
0
0
0
0
0
0
0
0
0
0
0
0
0
0
0
0
0
0
0
0
0
0
0
0
0
0
0
0
0
0
0
0
0
0
0
0
0
0
0
0
0
0
0
0
0
0
0
0
0
0
0
0
0
0
0
0
0
0
0
0
0
0
0
0
0
0
0
0
0
0
0
0
0
0
0
0
0
0
0
0
0
0
0
0
0
0
0
0
0
0
0
0
0
0
0
0
0
0
0
0
0
0
0
0
0
0
0
0
0
0
0
0
0
0
0
0
0
0
0
0
0
0
0
0
0
0
0
0
0
0
0
0
0
0
0
0
0
0
0
0
0
0
0
0
0
0
0
0
0
3
7
12
21
34
44
50
59
60
73
86
103
106
134
113
187
229
222
153
165
198
190
288
300
205
372
219
359
273
229
229
232
248
246
229
474
568
581
596
603
635
652
658
674
688
704
713
672
387
505
486
394
330
474
523
742
781
793
799
798
802
807
794
812
795
779
814
786
796
817
769
756
628
825
718
720
641
785
741
762
646
686
710
738
543
614
482
576
553
646
590
648
644
629
606
585
581
557
542
532
523
497
480
462
449
428
415
399
381
361
341
328
309
287
267
234
210
212
189
178
156
138
128
115
93
75
49
38
26
16
10
11
6
1
0
0
0
0
0
0
0
0
0
0
0
0
0
0
0
0
0
0
0
0
0
0
0
0
0
0
0
0
0
0
0
0
0
0
0
0
0
0
0
0
0
0
0
0
0
0
0
0
0
0
0
0
0
0
0
0
0
0
0
0
0
0
0
0
0
0
0
0
0
0
0
0
0
0
0
0
0
0
0
0
0
0
0
0
0
0
0
0
0
0
0
0
0
0
0
0
0
0
0
0
0
0
0
0
0
0
0
0
0
0
0
0
0
0
0
0
0
0
0
0
0
0
0
0
0
0
0
0
0
0
0
0
0
0
0
0
0
0
0
0
0
0
0
0
0
0
0
0
0
0
0
0
0
0
4
9
16
23
32
43
64
80
96
109
119
128
145
148
168
183
190
226
243
265
295
305
325
344
364
378
398
415
244
169
174
180
181
188
202
406
473
593
611
623
636
616
650
677
690
665
668
629
393
419
682
645
421
334
410
700
779
807
646
772
813
811
834
774
764
790
820
826
828
842
826
825
824
801
825
816
818
806
803
803
796
787
770
762
762
721
683
717
725
715
697
678
666
656
640
619
612
596
578
561
544
528
512
495
471
457
443
427
404
392
367
351
333
317
299
265
259
243
219
211
184
168
157
140
119
92
58
46
33
27
16
16
9
2
0
0
0
0
0
0
0
0
0
0
0
0
0
0
0
0
0
0
0
0
0
0
0
0
0
0
0
0
0
0
0
0
0
0
0
0
0
0
0
0
0
0
0
0
0
0
0
0
0
0
0
0
0
0
0
0
0
0
0
0
0
0
0
0
0
0
0
0
0
0
0
0
0
0
0
0
0
0
0
0
0
0
0
0
0
0
0
0
0
0
0
0
0
0
0
0
0
0
0
0
0
0
0
0
0
0
0
0
0
0
0
0
0
0
0
0
0
0
0
0
0
0
0
0
0
0
0
0
0
0
0
0
0
0
0
0
0
0
0
0
0
0
0
0
0
0
0
0
0
0
0
0
0
0
0
3
10
17
26
34
56
73
93
114
131
145
161
172
187
207
229
248
269
289
309
334
350
372
389
409
423
433
247
154
162
159
157
155
153
430
583
607
624
638
658
661
679
689
701
705
715
728
423
385
723
767
617
361
372
616
799
800
815
830
820
830
830
841
842
836
831
833
840
829
839
823
827
821
812
805
798
803
789
785
784
775
771
754
747
739
724
721
704
693
682
671
662
642
630
621
602
589
571
557
548
532
513
498
477
462
446
427
408
390
374
349
327
313
294
265
252
228
200
191
168
151
149
131
109
92
60
47
38
31
20
13
9
3
0
0
0
0
0
0
0
0
0
0
0
0
0
0
0
0
0
0
0
0
0
0
0
0
0
0
0
0
0
0
0
0
0
0
0
0
0
0
0
0
0
0
0
0
0
0
0
0
0
0
0
0
0
0
0
0
0
0
0
0
0
0
0
0
0
0
0
0
0
0
0
0
0
0
0
0
0
0
0
0
0
0
0
0
0
0
0
0
0
0
0
0
0
0
0
0
0
0
0
0
0
0
0
0
0
0
0
0
0
0
0
0
0
0
0
0
0
0
0
0
0
0
0
0
0
0
0
0
0
0
0
0
0
0
0
0
0
0
0
0
0
0
0
0
0
0
0
0
0
0
0
0
0
1
11
21
30
37
47
62
94
108
119
138
161
182
204
223
248
274
294
306
313
324
342
361
384
414
440
462
471
476
268
138
142
141
141
141
140
423
610
623
642
657
677
683
708
721
735
742
760
763
539
384
761
799
686
490
683
603
795
838
842
829
710
787
852
847
801
825
840
839
852
852
849
847
840
845
837
832
830
817
804
800
787
784
785
774
750
758
744
741
722
707
702
687
678
671
645
636
626
611
588
574
560
550
530
510
496
479
457
436
423
404
383
366
348
332
308
272
267
257
224
207
189
166
157
138
117
95
65
56
38
29
19
14
8
3
0
0
0
0
0
0
0
0
0
0
0
0
0
0
0
0
0
0
0
0
0
0
0
0
0
0
0
0
0
0
0
0
0
0
0
0
0
0
0
0
0
0
0
0
0
0
0
0
0
0
0
0
0
0
0
0
0
0
0
0
0
0
0
0
0
0
0
0
0
0
0
0
0
0
0
0
0
0
0
0
0
0
0
0
0
0
0
0
0
0
0
0
0
0
0
0
0
0
0
0
0
0
0
0
0
0
0
0
0
0
0
0
0
0
0
0
0
0
0
0
0
0
0
0
0
0
0
0
0
0
0
0
0
0
0
0
0
0
0
0
0
0
0
0
0
0
0
0
0
0
0
0
0
0
2
8
14
20
26
34
61
77
92
110
130
147
165
185
205
224
245
266
286
306
325
344
358
381
402
422
436
454
265
129
129
129
131
131
134
411
603
614
632
648
663
682
696
703
713
718
727
737
634
346
690
777
677
541
633
540
813
821
825
835
833
846
853
858
856
847
835
847
852
851
840
833
828
832
829
824
803
799
800
791
772
747
761
752
745
738
742
743
729
709
687
672
661
649
636
625
612
593
587
570
549
532
519
503
487
469
452
436
418
402
383
361
344
327
308
276
269
258
214
212
187
164
158
138
116
98
69
60
44
32
23
18
11
4
0
0
0
0
0
0
0
0
0
0
0
0
0
0
0
0
0
0
0
0
0
0
0
0
0
0
0
0
0
0
0
0
0
0
0
0
0
0
0
0
0
0
0
0
0
0
0
0
0
0
0
0
0
0
0
0
0
0
0
0
0
0
0
0
0
0
0
0
0
0
0
0
0
0
0
0
0
0
0
0
0
0
0
0
0
0
0
0
0
0
0
0
0
0
0
0
0
0
0
0
0
0
0
0
0
0
0
0
0
0
0
0
0
0
0
0
0
0
0
0
0
0
0
0
0
0
0
0
0
0
0
0
0
0
0
0
0
0
0
0
0
0
0
0
0
0
0
0
0
0
0
0
0
0
0
5
16
23
30
39
61
76
89
106
123
134
156
175
189
206
233
249
260
277
314
339
360
377
397
419
436
447
276
135
135
140
144
147
148
403
585
609
634
658
661
674
686
709
721
725
732
742
711
375
615
780
645
583
500
487
833
827
831
828
834
843
858
861
854
846
856
833
818
838
836
840
820
831
826
803
810
804
813
814
806
802
788
780
774
773
757
748
738
729
722
706
690
673
660
642
633
616
596
575
563
548
527
510
494
478
469
454
434
413
395
373
349
325
309
276
261
249
218
204
183
159
151
135
118
97
72
61
43
29
22
20
11
5
0
0
0
0
0
0
0
0
0
0
0
0
0
0
0
0
0
0
0
0
0
0
0
0
0
0
0
0
0
0
0
0
0
0
0
0
0
0
0
0
0
0
0
0
0
0
0
0
0
0
0
0
0
0
0
0
0
0
0
0
0
0
0
0
0
0
0
0
0
0
0
0
0
0
0
0
0
0
0
0
0
0
0
0
0
0
0
0
0
0
0
0
0
0
0
0
0
0
0
0
0
0
0
0
0
0
0
0
0
0
0
0
0
0
0
0
0
0
0
0
0
0
0
0
0
0
0
0
0
0
0
0
0
0
0
0
0
0
0
0
0
0
0
0
0
0
0
0
0
0
0
0
0
0
0
6
13
21
28
36
56
69
84
97
111
130
145
163
183
201
220
239
257
275
292
313
329
345
356
380
397
416
286
175
179
180
185
190
191
396
566
587
591
609
620
635
645
650
670
685
692
701
704
411
521
731
626
618
447
497
774
778
779
795
789
791
801
797
808
809
810
814
806
798
804
811
805
797
785
791
805
795
793
776
777
759
764
753
745
727
722
708
701
677
675
663
658
644
627
607
596
582
568
549
538
517
500
489
472
456
438
421
406
393
373
357
338
317
298
269
245
240
206
199
184
150
140
121
103
93
76
58
40
27
15
5
2
1
0
0
0
0
0
0
0
0
0
0
0
0
0
0
0
0
0
0
0
0
0
0
0
0
0
0
0
0
0
0
0
0
0
0
0
0
0
0
0
0
0
0
0
0
0
0
0
0
0
0
0
0
0
0
0
0
0
0
0
0
0
0
0
0
0
0
0
0
0
0
0
0
0
0
0
0
0
0
0
0
0
0
0
0
0
0
0
0
0
0
0
0
0
0
0
0
0
0
0
0
0
0
0
0
0
0
0
0
0
0
0
0
0
0
0
0
0
0
0
0
0
0
0
0
0
0
0
0
0
0
0
0
0
0
0
0
0
0
0
0
0
0
0
0
0
0
0
0
0
0
0
0
0
0
0
0
7
18
25
38
62
76
89
103
119
134
152
169
187
207
223
245
264
286
304
325
344
363
378
395
416
439
302
165
166
167
167
170
172
391
588
600
619
633
648
661
676
688
707
717
719
727
741
359
392
744
623
691
379
494
809
819
821
824
835
838
836
840
836
822
841
839
847
841
835
846
844
836
827
827
814
807
793
775
773
770
780
769
764
751
737
720
724
707
703
688
670
659
649
633
628
609
592
565
547
525
510
483
474
458
440
424
401
388
373
357
327
307
290
262
229
225
189
181
166
136
134
119
107
89
68
55
38
30
23
19
11
5
0
0
0
0
0
0
0
0
0
0
0
0
0
0
0
0
0
0
0
0
0
0
0
0
0
0
0
0
0
0
0
0
0
0
0
0
0
0
0
0
0
0
0
0
0
0
0
0
0
0
0
0
0
0
0
0
0
0
0
0
0
0
0
0
0
0
0
0
0
0
0
0
0
0
0
0
0
0
0
0
0
0
0
0
0
0
0
0
0
0
0
0
0
0
0
0
0
0
0
0
0
0
0
0
0
0
0
0
0
0
0
0
0
0
0
0
0
0
0
0
0
0
0
0
0
0
0
0
0
0
0
0
0
0
0
0
0
0
0
0
0
0
0
0
0
0
0
0
0
0
0
0
0
0
0
4
11
20
28
39
63
76
90
105
122
140
157
176
195
215
236
257
275
292
312
333
356
374
392
407
424
437
302
155
158
162
162
162
163
370
525
577
560
583
620
645
665
685
706
724
735
744
753
453
270
547
608
734
352
492
805
830
835
825
806
842
844
837
833
851
826
841
841
846
847
831
854
841
836
844
831
826
815
817
809
793
795
779
771
760
743
732
729
710
701
686
667
659
641
625
601
583
579
559
543
526
514
492
479
456
438
418
395
376
361
344
325
310
284
266
234
225
209
192
174
148
141
125
108
92
76
60
41
31
20
16
10
4
0
0
0
0
0
0
0
0
0
0
0
0
0
0
0
0
0
0
0
0
0
0
0
0
0
0
0
0
0
0
0
0
0
0
0
0
0
0
0
0
0
0
0
0
0
0
0
0
0
0
0
0
0
0
0
0
0
0
0
0
0
0
0
0
0
0
0
0
0
0
0
0
0
0
0
0
0
0
0
0
0
0
0
0
0
0
0
0
0
0
0
0
0
0
0
0
0
0
0
0
0
0
0
0
0
0
0
0
0
0
0
0
0
0
0
0
0
0
0
0
0
0
0
0
0
0
0
0
0
0
0
0
0
0
0
0
0
0
0
0
0
0
0
0
0
0
0
0
0
0
0
0
0
0
3
9
16
22
28
38
60
74
87
100
115
131
148
167
183
199
220
243
264
283
305
328
350
365
385
405
422
441
315
163
165
166
168
171
172
384
589
604
619
634
654
665
673
691
703
714
727
734
745
587
276
434
502
694
424
516
778
805
803
823
830
829
835
841
837
837
851
842
846
852
832
828
822
809
807
780
773
803
788
795
789
793
778
781
787
766
758
758
737
729
704
691
671
661
654
639
633
610
581
553
549
534
525
502
482
470
451
425
399
378
365
345
321
302
287
270
238
217
201
177
168
139
134
124
107
90
73
60
44
32
26
21
13
7
1
0
0
0
0
0
0
0
0
0
0
0
0
0
0
0
0
0
0
0
0
0
0
0
0
0
0
0
0
0
0
0
0
0
0
0
0
0
0
0
0
0
0
0
0
0
0
0
0
0
0
0
0
0
0
0
0
0
0
0
0
0
0
0
0
0
0
0
0
0
0
0
0
0
0
0
0
0
0
0
0
0
0
0
0
0
0
0
0
0
0
0
0
0
0
0
0
0
0
0
0
0
0
0
0
0
0
0
0
0
0
0
0
0
0
0
0
0
0
0
0
0
0
0
0
0
0
0
0
0
0
0
0
0
0
0
0
0
0
0
0
0
0
0
0
0
0
0
0
0
0
0
0
0
0
6
15
21
29
39
61
74
89
106
123
140
159
178
196
216
236
259
278
301
319
338
357
375
395
409
430
453
331
166
173
176
181
183
184
386
592
611
629
640
656
667
685
703
718
725
735
750
757
699
302
601
412
501
473
555
783
830
840
847
853
860
865
857
868
879
872
854
859
875
857
871
846
856
857
843
839
837
832
809
827
795
808
808
799
785
776
774
764
762
754
761
729
704
683
661
648
632
615
599
582
570
554
537
524
506
480
460
442
427
407
386
367
350
330
306
276
264
244
223
206
170
159
150
133
109
92
77
51
34
25
23
17
10
4
0
0
0
0
0
0
0
0
0
0
0
0
0
0
0
0
0
0
0
0
0
0
0
0
0
0
0
0
0
0
0
0
0
0
0
0
0
0
0
0
0
0
0
0
0
0
0
0
0
0
0
0
0
0
0
0
0
0
0
0
0
0
0
0
0
0
0
0
0
0
0
0
0
0
0
0
0
0
0
0
0
0
0
0
0
0
0
0
0
0
0
0
0
0
0
0
0
0
0
0
0
0
0
0
0
0
0
0
0
0
0
0
0
0
0
0
0
0
0
0
0
0
0
0
0
0
0
0
0
0
0
0
0
0
0
0
0
0
0
0
0
0
0
0
0
0
0
0
0
0
0
0
0
3
9
15
21
29
41
69
84
100
115
134
153
170
185
214
233
255
274
295
313
333
349
368
391
411
426
447
471
353
155
152
157
159
161
164
388
619
631
642
668
682
698
704
716
730
743
754
758
774
779
340
539
584
370
429
538
767
855
863
853
856
864
869
859
864
857
868
848
856
831
696
859
867
842
846
861
848
835
830
828
824
809
811
812
808
767
783
778
744
705
707
715
681
665
650
646
653
630
595
583
573
552
538
520
501
487
465
446
427
410
386
368
352
330
317
295
263
247
218
201
193
163
139
134
87
70
65
51
32
21
15
11
12
9
1
0
0
0
0
0
0
0
0
0
0
0
0
0
0
0
0
0
0
0
0
0
0
0
0
0
0
0
0
0
0
0
0
0
0
0
0
0
0
0
0
0
0
0
0
0
0
0
0
0
0
0
0
0
0
0
0
0
0
0
0
0
0
0
0
0
0
0
0
0
0
0
0
0
0
0
0
0
0
0
0
0
0
0
0
0
0
0
0
0
0
0
0
0
0
0
0
0
0
0
0
0
0
0
0
0
0
0
0
0
0
0
0
0
0
0
0
0
0
0
0
0
0
0
0
0
0
0
0
0
0
0
0
0
0
0
0
0
0
0
0
0
0
0
0
0
0
0
0
0
0
0
0
0
4
8
17
23
29
45
80
97
115
134
155
175
196
219
239
260
280
301
321
344
360
380
403
425
441
462
481
501
411
115
113
113
111
113
118
381
647
638
660
713
727
728
754
764
766
783
791
805
813
822
420
426
624
523
424
544
753
875
883
889
898
895
899
898
907
913
910
907
907
902
895
897
899
889
888
884
858
865
859
841
849
833
809
810
828
804
803
798
779
756
743
751
736
729
701
680
664
652
639
615
594
579
561
541
522
515
494
483
400
407
423
394
375
356
350
324
282
271
224
209
206
184
164
154
142
109
98
79
61
35
27
25
18
12
5
0
0
0
0
0
0
0
0
0
0
0
0
0
0
0
0
0
0
0
0
0
0
0
0
0
0
0
0
0
0
0
0
0
0
0
0
0
0
0
0
0
0
0
0
0
0
0
0
0
0
0
0
0
0
0
0
0
0
0
0
0
0
0
0
0
0
0
0
0
0
0
0
0
0
0
0
0
0
0
0
0
0
0
0
0
0
0
0
0
0
0
0
0
0
0
0
0
0
0
0
0
0
0
0
0
0
0
0
0
0
0
0
0
0
0
0
0
0
0
0
0
0
0
0
0
0
0
0
0
0
0
0
0
0
0
0
0
0
0
0
0
0
0
0
0
0
0
0
0
0
0
0
3
10
15
25
32
34
50
79
102
129
142
164
182
123
175
258
282
266
325
245
342
361
393
438
451
410
439
490
491
380
163
145
143
146
154
160
396
620
582
706
685
679
748
615
733
713
687
760
817
824
735
568
333
553
654
710
591
722
744
915
878
908
903
918
861
879
934
829
921
921
645
930
746
881
825
939
862
799
722
928
897
792
697
853
838
821
793
778
726
728
746
694
738
720
711
692
691
653
640
638
632
562
532
313
353
543
438
428
400
505
504
421
336
387
367
344
298
297
269
220
178
207
186
166
147
139
124
57
54
51
31
34
29
22
10
1
0
0
0
0
0
0
0
0
0
0
0
0
0
0
0
0
0
0
0
0
0
0
0
0
0
0
0
0
0
0
0
0
0
0
0
0
0
0
0
0
0
0
0
0
0
0
0
0
0
0
0
0
0
0
0
0
0
0
0
0
0
0
0
0
0
0
0
0
0
0
0
0
0
0
0
0
0
0
0
0
0
0
0
0
0
0
0
0
0
0
0
0
0
0
0
0
0
0
0
0
0
0
0
0
0
0
0
0
0
0
0
0
0
0
0
0
0
0
0
0
0
0
0
0
0
0
0
0
0
0
0
0
0
0
0
0
0
0
0
0
0
0
0
0
0
0
0
0
0
0
0
0
3
12
22
29
35
34
50
78
88
104
118
136
152
187
207
228
248
268
290
311
333
352
374
397
418
431
449
465
483
431
121
123
124
127
131
135
370
609
627
637
653
671
681
699
708
716
728
735
748
758
765
689
225
432
749
656
596
673
826
834
838
849
847
847
849
854
857
852
865
857
859
848
831
836
836
835
841
834
826
812
800
807
810
799
796
783
783
774
766
749
738
725
701
698
680
660
649
633
614
601
586
566
551
536
520
500
483
465
451
431
408
391
371
358
335
317
298
265
245
223
197
182
164
150
139
122
106
85
66
51
31
18
12
10
5
0
0
0
0
0
0
0
0
0
0
0
0
0
0
0
0
0
0
0
0
0
0
0
0
0
0
0
0
0
0
0
0
0
0
0
0
0
0
0
0
0
0
0
0
0
0
0
0
0
0
0
0
0
0
0
0
0
0
0
0
0
0
0
0
0
0
0
0
0
0
0
0
0
0
0
0
0
0
0
0
0
0
0
0
0
0
0
0
0
0
0
0
0
0
0
0
0
0
0
0
0
0
0
0
0
0
0
0
0
0
0
0
0
0
0
0
0
0
0
0
0
0
0
0
0
0
0
0
0
0
0
0
0
0
0
0
0
0
0
0
0
0
0
0
0
0
0
0
0
0
0
0
0
0
6
13
25
37
45
58
70
94
99
98
115
162
176
168
177
238
242
271
279
264
284
261
302
373
299
247
236
295
417
183
260
287
291
293
303
350
367
395
338
272
304
375
506
490
519
594
789
634
648
774
586
588
647
705
595
602
593
610
791
897
672
754
815
928
819
832
767
758
722
856
893
893
889
867
861
865
839
849
839
813
804
796
812
799
772
761
753
802
793
667
792
666
672
727
698
711
696
668
640
630
611
587
571
552
539
524
510
447
365
346
370
431
407
373
352
329
294
260
241
213
199
157
180
187
162
137
104
71
41
40
33
30
18
11
4
0
0
0
0
0
0
0
0
0
0
0
0
0
0
0
0
0
0
0
0
0
0
0
0
0
0
0
0
0
0
0
0
0
0
0
0
0
0
0
0
0
0
0
0
0
0
0
0
0
0
0
0
0
0
0
0
0
0
0
0
0
0
0
0
0
0
0
0
0
0
0
0
0
0
0
0
0
0
0
0
0
0
0
0
0
0
0
0
0
0
0
0
0
0
0
0
0
0
0
0
0
0
0
0
0
0
0
0
0
0
0
0
0
0
0
0
0
0
0
0
0
0