298.897
299.135
298.818
298.877
300.01
299.745
299.785
299.985
300.266
300.275
300.433
300.58
299.772
299.897
299.924
299.933
299.028
298.835
298.827
298.677
299.264
299.764
299.784
300.495
300.278
299.759
299.845
299.648
299.627
300.381
300.62
300.633
300.806
300.812
300.74
300.628
300.608
300.993
295.357
295.341
295.311
295.277
295.145
295.841
295.815
296.831
296.325
296.842
296.545
296.585
296.812
297.085
297.007
297.036
297.39
297.388
296.391
297.011
297.019
297.495
298.121
298.672
298.736
298.527
298.461
298.334
298.29
298.284
298.269
297.914
298.552
298.551
298.859
299.215
298.664
298.604
298.604
298.594
298.617
298.681
298.367
298.161
298.137
298.293
297.504
298.225
298.34
298.37
298.325
297.314
296.754
296.769
296.897
296.402
297.017
297.033
298.419
298.459
298.756
298.535
298.539
298.38
298.175
298.145
297.954
296.402
295.673
295.715
297.926
298.16
298.344
298.262
298.098
298.048
297.815
297.844
298.06
299.201
299.496
299
300.931
299.992
299.699
300.86
300.5
300.985
300.951
301.616
301.997
301.787
302.673
303.001
304.693
303.779
303.572
303.602
303.558
303.558
303.777
303.92
303.905
303.932
305.823
305.319
306.583
306.616
306.478
306.35
306.91
306.565
306.565
306.398
306.471
306.402
307.159
307.168
307.565
307.489
307.218
307.566
307.552
307.361
307.525
307.545
307.338
307.478
306.823
307.072
307.307
307.558
307.763
307.758
308.036
308.077
307.925
307.139
307.001
307.018
307.181
307.215
307.086
307.017
306.951
306.95
307.07
307.066
306.785
307.009
306.995
307.042
307.158
307.115
306.576
306.444
305.979
305.872
305.603
305.742
306.804
306.806
305.756
305.538
305.532
305.518
304.115
304.592
305.194
305.065
304.459
304.501
304.296
304.101
303.782
303.813
303.572
303.213
302.426
302.471
302.316
302.287
302.318
302.51
303.087
303.256
303.575
303.355
303.127
302.699
301.942
301.913
302.096
302.084
302.14
302.153
302.04
301.961
301.878
301.869
301.921
301.917
301.176
301.342
300.668
300.788
300.598
300.356
300.091
300.671
300.656
300.742
300.76
300.864
300.738
300.789
300.79
300.712
300.808
301.485
301.342
300.931
301.545
301.308
301.62
301.49
301.064
300.998
300.849
300.47
300.746
300.541
300.71
300.423
300.378
300.469
300.739
300.73
300.239
300.155
300.087
299.845
299.843
299.725
298.964
298.876
298.84
298.475
298.385
299.656
298.877
298.931
298.206
298.047
297.919
298.079
298.247
298.25
298.239
298.276
298.03
298.104
298.511
298.625
298.475
298.743
298.625
298.477
299.49
299.626
299.739
299.637
300.07
300.373
299.953
300.196
299.987
300.003
300.006
300.031
300.029
299.945
300.055
299.932
300.43
300.188
300.068
300.341
300.133
299.742
299.662
299.683
299.587
299.344
299.624
299.594
299.665
299.711
298.592
298.848
298.793
298.999
298.359
298.472
299.273
299.218
298.905
298.969
298.714
298.479
298.458
298.009
297.713
298.306
298.502
297.773
297.524
297.703
298.664
298.674
299.202
298.84
299.425
299.403
299.404
299.279
299.253
298.671
298.592
299.27
298.583
298.59
298.254
298.511
299.36
299.378
299.358
299.603
299.43
299.321
299.503
299.289
299.387
299.393
299.576
299.695
301.49
301.621
301.022
301.001
301.211
300.952
300.939
300.941
300.906
301.391
302.352
302.486
304.361
304.392
304.383
303.989
303.666
303.417
303.217
302.776
302.654
302.646
302.5
302.48
304.544
304.934
304.966
304.924
304.918
305.945
305.869
305.809
306.156
306.097
307.789
306.736
308.695
309.097
309.35
309.384
309.189
308.967
309.28
308.25
300.75
301.05
300.75
300.85
299.95
301.25
301.25
302.55
303.55
302.45
302.75
302.65
302.35
302.85
302.95
302.55
303.65
303.65
303.45
302.75
302.95
303.15
303.05
303.05
303.95
304.15
305.05
305.65
305.55
305.25
305.55
304.95
305.35
306.05
305.95
305.05
304.75
303.95
305.35
305.95
305.65
305.85
306.15
306.05
305.65
305.25
305.15
305.05
304.45
304.55
304.65
304.75
304.35
304.35
303.65
303.35
303.05
302.75
302.85
302.65
302.85
302.75
302.75
302.65
302.65
302.55
302.55
302.35
302.55
302.35
302.25
302.05
301.75
301.95
301.95
301.65
301.85
301.85
301.95
301.95
301.95
301.95
301.95
301.55
301.75
301.95
301.85
301.85
301.85
301.85
301.65
301.55
301.55
301.55
301.55
301.55
301.55
301.35
301.65
301.65
301.45
301.65
301.65
301.65
301.65
301.65
301.55
301.35
301.35
301.25
301.25
301.15
301.15
301.05
301.05
301.05
300.95
300.85
300.75
300.75
300.75
300.75
300.65
300.65
300.65
300.65
300.45
300.55
300.55
300.55
300.55
300.45
299.85
299.95
300.05
299.95
299.65
299.45
298.95
299.05
298.95
298.75
298.95
298.75
298.75
298.65
298.95
298.95
298.95
299.25
299.25
299.15
299.05
299.35
299.25
299.15
299.05
298.65
299.05
298.95
298.65
298.65
298.65
298.65
298.65
298.55
298.35
298.05
298.45
298.35
298.35
298.25
298.05
298.15
298.55
298.75
298.75
298.75
298.65
298.65
298.75
298.75
298.55
298.75
298.75
298.55
298.15
298.55
298.25
298.35
298.45
298.65
297.95
298.55
298.25
298.25
298.05
297.85
298.05
298.15
298.15
297.95
297.65
298.05
297.75
297.85
297.35
297.65
297.35
297.25
297.45
297.05
297.05
297.55
297.75
297.35
297.15
297.15
297.35
297.65
297.65
296.65
297.25
297.25
297.45
297.25
297.05
297.55
297.25
297.45
297.45
296.65
297.05
296.95
297.15
296.85
297.05
296.75
296.45
296.95
296.95
296.35
296.75
297.55
297.55
297.75
298.15
298.25
298.05
298.75
298.75
298.85
298.95
299.75
299.95
299.85
300.35
300.75
300.85
301.05
301.25
301.15
301.15
301.45
302.15
301.95
301.55
301.85
302.55
302.05
302.15
302.05
302.25
302.85
303.25
302.75
302.85
303.45
302.95
303.85
303.95
303.65
302.95
303.65
303.75
304.25
304.15
304.25
304.35
304.25
305.05
305.15
305.15
305.65
306.15
305.95
306.45
306.65
305.95
306.55
306.55
306.65
306.45
306.35
305.75
306.55
306.95
307.35
306.55
306.85
307.35
307.45
306.85
306.85
306.15
306.95
307.25
307.05
307.05
306.55
306.45
306.45
306.05
306.45
306.15
306.25
306.45
306.55
306.15
306.25
306.25
306.65
306.55
306.65
306.15
306.35
307.15
306.35
306.65
306.95
306.65
306.75
306.25
305.45
305.65
305.85
305.85
305.25
304.95
304.75
304.55
304.85
305.15
305.05
304.55
303.85
303.55
303.15
302.75
302.65
302.75
302.85
302.65
302.65
302.35
302.05
302.05
301.85
301.65
301.45
301.15
301.05
300.85
300.75
300.55
300.45
300.35
300.35
300.25
300.15
300.15
300.05
300.05
299.85
300.05
300.15
300.15
300.05
299.95
299.85
299.75
299.55
299.65
299.55
299.45
299.35
299.15
299.35
299.25
299.45
299.55
299.65
299.45
299.35
299.25
299.05
298.85
298.75
298.65
298.65
298.55
298.45
298.35
298.25
298.25
298.35
298.45
298.35
298.75
298.85
298.75
298.75
298.75
298.65
298.55
298.55
298.45
298.25
298.25
298.05
297.75
297.75
297.95
297.95
297.95
298.05
298.15
298.15
298.05
298.15
298.25
298.25
298.05
298.15
297.95
297.85
297.75
297.55
297.35
297.05
296.85
296.55
296.85
296.75
296.65
296.65
296.65
296.55
296.55
296.35
296.25
296.05
296.05
296.25
296.05
296.25
296.25
296.25
295.95
296.25
296.05
295.95
296.05
295.75
295.35
295.45
295.45
295.55
294.95
294.95
295.25
295.45
295.65
295.45
295.45
295.05
295.75
295.75
295.55
295.75
295.85
295.95
295.85
295.35
296.05
296.15
296.05
295.05
295.35
295.55
295.25
295.85
295.55
295.45
295.75
295.95
295.65
295.65
295.35
294.95
294.75
295.15
295.45
294.85
295.15
295.25
294.95
295.15
295.25
294.55
294.95
294.65
294.85
295.15
295.05
294.65
294.65
294.95
295.15
295.45
296.15
296.35
296.75
297.15
297.25
298.15
298.05
298.35
297.85
298.35
298.55
298.95
299.25
299.15
299.55
299.05
299.75
299.55
300.05
300.05
300.25
300.05
300.25
300.25
300.05
300.75
301.05
300.95
301.55
301.15
300.95
302.05
301.65
301.95
301.75
301.85
301.75
301.95
302.45
302.75
303.35
303.45
303.55
303.85
303.85
303.75
303.85
304.05
304.25
304.85
305.45
305.35
306.25
306.55
306.65
306.45
306.75
306.55
306.55
306.15
306.05
305.75
307.05
306.95
306.55
307.05
307.55
306.85
307.35
307.85
308.35
308.35
307.55
307.45
307.15
306.85
307.35
307.35
307.55
307.95
307.55
307.55
306.75
306.55
307.25
306.85
307.35
307.25
307.65
307.75
307.35
307.05
306.95
306.65
306.55
306.95
306.95
307.15
306.95
306.75
306.05
306.15
306.55
306.45
306.45
306.35
305.95
305.55
305.95
305.75
305.25
305.15
305.45
305.55
305.55
305.55
305.15
304.85
304.65
304.35
304.15
303.95
303.55
303.25
303.05
302.75
302.75
302.65
302.55
302.45
302.35
302.15
302.05
302.05
301.95
301.85
301.85
301.75
301.65
301.65
301.55
301.55
301.55
301.55
301.55
301.65
301.65
301.65
301.65
301.55
301.55
301.55
301.45
301.45
301.55
301.55
301.55
301.45
301.35
301.35
301.25
301.25
301.15
301.15
301.15
301.15
301.15
301.15
301.15
301.05
301.05
301.05
300.95
300.95
300.95
300.85
300.85
300.65
300.55
300.55
300.45
300.25
300.05
300.55
300.55
300.15
300.35
300.35
300.35
300.35
300.25
300.25
300.15
300.05
299.95
299.95
299.65
299.85
299.85
299.85
299.85
299.85
299.55
299.65
299.65
299.65
299.55
299.45
299.35
299.25
299.15
299.15
299.05
298.95
298.85
298.85
298.75
298.75
298.65
298.65
298.55
298.45
298.25
298.05
298.05
298.25
297.95
298.15
298.15
297.85
298.05
297.85
297.95
297.85
297.75
297.75
297.45
297.65
297.65
297.55
297.35
297.55
297.75
297.65
297.95
297.55
297.45
297.55
297.55
297.25
297.35
297.25
297.15
297.45
298.35
298.75
298.95
298.95
298.85
298.85
298.95
299.25
299.05
299.25
299.45
299.55
299.45
299.45
299.45
299.25
299.35
299.35
299.25
299.45
299.25
299.15
299.25
298.85
299.05
299.25
299.05
298.75
299.65
299.65
299.65
299.85
299.85
299.75
300.05
299.85
300.15
300.25
300.35
300.45
300.55
300.65
300.75
300.45
300.95
301.15
301.05
301.45
301.45
301.95
301.85
302.15
301.95
302.15
302.35
302.55
302.55
303.05
303.05
303.05
303.25
303.75
303.65
304.05
304.45
304.15
304.55
304.85
304.75
305.25
305.15
304.85
305.55
305.55
305.25
305.45
305.65
305.95
306.05
306.05
306.25
306.65
306.85
306.85
307.15
307.25
307.75
307.55
307.95
308.25
308.15
307.85
308.15
307.65
307.65
307.65
307.55
307.65
308.05
308.35
308.45
308.75
308.75
308.45
308.45
307.95
307.95
308.65
308.85
308.65
308.55
308.05
307.75
307.75
307.95
307.65
307.95
308.25
308.55
308.15
307.85
308.45
308.35
308.55
308.35
307.55
307.45
307.65
307.75
307.45
307.35
307.25
307.35
307.25
307.05
306.75
306.85
306.85
306.75
306.65
306.55
306.25
306.05
305.95
305.85
305.75
305.55
305.45
305.35
305.25
305.15
304.95
304.75
304.55
304.45
304.35
304.15
304.05
303.85
303.75
303.55
303.45
303.25
303.25
303.15
303.15
303.05
303.05
302.95
302.75
302.75
302.75
302.75
302.75
302.75
302.75
302.75
302.55
302.55
302.75
302.75
302.75
302.75
302.65
302.65
302.65
302.55
302.45
302.25
302.25
302.45
302.45
302.45
302.35
302.35
302.25
302.15
302.15
302.15
302.15
302.05
302.05
301.95
301.95
301.95
301.95
301.85
301.75
301.65
301.65
301.65
301.65
301.65
301.65
301.65
301.65
301.55
301.45
301.35
301.25
301.15
300.95
300.85
300.85
300.75
300.75
300.75
300.85
301.05
301.15
301.25
301.15
301.25
301.25
301.15
301.05
301.05
301.05
300.85
301.05
301.05
300.95
300.95
300.95
300.85
300.75
300.75
300.85
300.85
300.75
300.75
300.85
301.05
301.05
301.05
300.85
300.85
300.75
300.75
300.65
300.65
300.55
300.55
300.45
300.45
300.45
300.45
300.45
300.35
300.35
300.25
300.25
300.35
300.35
300.25
300.15
300.15
299.95
299.85
299.85
299.75
299.75
299.65
299.65
299.55
299.95
299.75
300.05
300.15
300.15
300.15
300.05
300.05
299.95
299.95
299.85
299.85
299.85
299.85
299.75
299.65
299.55
299.55
299.45
299.25
299.35
299.25
299.25
299.25
299.25
299.35
299.35
299.35
299.45
299.25
299.45
299.75
299.75
299.55
299.45
299.55
299.65
299.45
299.55
299.65
300.15
300.35
300.55
300.55
300.65
300.75
301.05
301.15
301.35
301.45
301.65
301.55
301.75
302.25
302.75
302.95
302.95
302.55
302.75
302.55
302.85
303.25
302.95
302.95
303.95
303.65
304.05
303.95
304.15
304.45
304.75
304.85
305.15
305.25
304.95
305.35
305.65
305.85
306.25
306.05
306.35
306.25
306.05
305.55
306.05
306.25
306.85
306.95
307.05
307.05
307.55
307.75
307.75
307.85
307.65
307.85
307.95
307.85
308.05
308.05
307.95
308.15
308.35
308.85
309.25
308.75
307.85
308.05
308.15
308.35
308.25
308.55
308.25
308.45
308.55
309.05
309.15
308.85
308.95
308.95
308.45
308.95
309.45
309.25
308.65
308.55
308.45
307.85
307.85
307.85
307.45
307.35
307.25
307.25
307.25
307.15
307.05
307.05
307.15
307.15
307.05
306.75
306.35
306.45
306.75
306.75
306.65
306.75
306.95
306.85
306.35
306.55
306.25
305.55
305.45
305.55
305.45
305.25
304.75
304.25
304.05
303.85
303.85
303.75
303.55
303.25
303.15
302.95
302.85
302.65
302.65
302.55
302.55
302.45
302.45
302.35
302.35
302.25
302.25
302.25
302.15
302.15
302.15
302.15
302.15
302.25
302.25
302.25
302.15
302.05
302.05
302.05
301.95
301.95
301.95
302.05
302.05
302.05
302.05
302.05
301.85
301.75
301.65
301.65
301.65
301.55
301.45
301.45
301.35
301.35
301.15
301.15
301.15
301.15
301.05
301.15
301.05
301.15
301.05
301.05
300.95
300.95
300.85
300.75
300.65
300.65
300.65
300.65
300.55
300.55
300.55
300.55
300.55
300.55
300.55
300.45
300.45
300.35
300.25
300.05
300.05
299.95
299.95
299.95
299.95
299.95
299.95
299.85
299.85
299.95
299.85
299.85
299.75
299.75
299.65
299.65
299.65
299.55
299.25
299.55
299.45
299.45
299.35
299.35
299.35
299.25
299.15
299.05
298.95
298.95
298.95
298.85
298.85
298.85
298.85
298.75
298.65
298.35
298.45
298.45
298.35
298.35
298.35
298.35
298.35
298.25
298.35
298.45
298.55
298.55
298.65
298.55
298.55
298.55
298.45
298.55
298.55
298.35
298.35
298.65
298.65
298.65
298.65
298.65
298.45
298.45
298.15
298.35
298.35
298.25
298.25
298.35
297.95
298.45
298.55
298.65
298.65
298.65
298.65
298.65
298.15
298.55
298.55
298.45
298.45
298.25
298.35
298.45
298.95
299.15
299.05
299.35
299.35
299.85
300.15
300.15
300.85
300.75
300.95
301.15
301.15
301.25
301.65
301.75
301.55
301.55
301.25
301.75
301.85
302.05
302.15
302.25
302.35
302.45
302.65
302.75
302.75
303.05
303.15
303.95
304.25
303.95
304.05
304.65
305.15
305.85
305.85
305.75
305.55
305.85
306.45
306.85
307.05
306.95
306.95
306.85
307.45
307.55
307.05
307.05
307.25
308.05
308.55
308.85
308.45
308.15
307.75
308.15
308.65
308.55
308.85
308.95
309.15
309.15
308.65
307.95
307.85
307.25
307.15
306.85
306.75
306.75
307.15
307.35
307.65
307.35
306.85
307.05
307.05
307.05
307.25
307.35
307.15
307.25
307.35
307.25
307.15
307.15
306.95
306.95
307.05
306.95
306.95
306.75
306.55
306.35
306.25
306.05
306.05
306.05
305.85
305.65
305.65
305.45
305.45
305.35
305.25
304.95
304.95
304.95
304.85
304.65
304.45
304.35
304.25
303.95
303.85
303.65
303.55
303.55
303.35
303.15
303.05
303.05
302.95
302.85
302.75
302.65
302.55
302.55
302.55
302.35
302.25
302.15
302.05
302.05
301.95
301.85
301.85
301.75
301.75
301.65
301.55
301.45
301.55
301.45
301.45
301.45
301.55
301.45
301.45
301.35
301.35
301.25
301.15
301.05
301.15
301.15
301.15
301.15
301.15
301.05
301.05
300.95
300.85
300.95
301.05
301.15
301.05
301.05
301.15
301.05
300.95
300.95
300.85
300.85
300.95
300.85
300.85
300.65
300.45
300.25
300.25
300.35
300.75
300.55
300.35
300.25
299.95
299.85
299.75
299.65
299.55
299.65
299.65
299.45
299.15
298.95
298.95
298.85
298.75
298.75
298.85
299.05
299.05
299.15
299.05
299.05
299.05
299.05
299.05
298.95
298.85
298.65
298.45
298.25
298.05
297.95
297.85
297.75
297.55
297.45
297.35
297.15
297.25
297.15
297.15
297.05
297.05
297.25
297.35
297.25
297.55
297.45
297.25
297.15
296.95
296.75
296.55
296.35
296.45
296.65
296.75
296.25
296.65
296.65
296.45
296.45
296.35
296.35
296.35
296.35
296.35
296.45
296.35
296.35
295.95
295.95
296.35
296.35
296.15
296.35
296.35
296.35
296.25
295.85
296.05
296.05
296.05
295.95
295.85
295.75
295.75
295.85
295.45
295.85
295.45
295.75
295.55
295.75
295.95
296.05
295.95
296.05
296.35
297.05
296.75
297.75
298.05
298.25
298.35
298.45
298.75
298.65
298.25
298.75
298.85
299.05
298.95
299.35
299.45
299.55
299.65
299.35
300.45
300.45
301.25
301.15
301.45
301.55
301.85
302.05
302.35
302.75
302.95
303.15
302.95
302.65
302.45
302.65
302.05
302.15
302.65
302.75
303.25
303.35
303.75
304.05
304.05
304.35
304.25
304.45
304.55
304.75
304.95
305.25
305.95
305.95
305.75
305.65
305.45
305.55
305.95
306.35
306.85
306.35
306.75
306.85
307.05
307.05
307.65
307.55
306.55
306.45
306.55
306.05
306.35
306.15
306.35
306.75
306.05
306.35
305.85
305.65
305.85
306.15
306.05
305.65
305.85
305.75
305.65
305.85
305.85
306.05
306.35
306.15
305.55
305.85
305.85
305.75
305.75
305.65
305.35
305.35
305.55
305.45
305.05
305.25
305.05
304.85
304.95
304.85
304.95
304.65
304.45
304.35
304.35
304.35
304.45
304.35
304.05
304.05
303.85
303.45
303.05
302.85
302.75
302.65
302.35
302.05
302.05
301.95
301.75
301.65
301.75
301.65
301.55
301.45
301.45
301.25
301.25
301.15
301.05
300.95
300.85
300.85
300.85
300.85
300.95
300.85
300.85
300.95
301.05
301.05
300.95
300.85
300.75
300.65
300.55
300.55
300.45
300.65
300.65
300.75
300.75
300.75
300.65
300.65
300.55
300.45
300.35
300.25
300.25
300.25
300.35
300.25
300.15
300.15
300.15
300.15
300.15
300.05
300.15
300.15
300.15
300.25
300.05
300.25
300.25
300.15
300.05
300.05
300.05
300.15
300.15
300.15
300.05
300.05
299.95
299.95
299.85
299.85
299.75
299.65
299.65
299.55
299.55
299.65
299.45
299.65
299.75
299.75
299.85
299.85
299.95
299.85
299.75
299.45
299.65
299.55
299.55
299.55
299.45
299.35
299.25
299.25
298.95
299.05
298.95
298.85
298.65
298.65
298.35
298.25
298.35
298.15
297.75
297.85
297.55
298.05
298.05
297.95
297.95
298.05
298.15
298.15
297.85
298.05
298.05
298.15
298.05
297.45
297.35
297.65
297.35
297.55
297.55
297.75
297.75
297.75
297.65
297.55
297.55
297.25
297.45
297.35
297.45
297.35
297.25
297.25
296.95
297.15
297.15
297.15
297.05
296.95
296.75
297.25
297.25
297.25
296.95
296.75
296.65
296.95
296.95
296.95
296.85
296.85
296.85
297.35
298.25
298.35
298.45
298.95
299.25
299.25
299.55
299.35
299.25
299.55
299.55
299.45
299.55
299.45
299.85
300.35
300.55
300.65
300.75
300.85
300.95
301.25
301.85
302.05
301.65
302.05
301.85
302.15
302.35
302.45
302.75
302.95
303.15
303.35
303.65
303.65
303.65
304.05
304.25
304.45
304.25
304.35
304.65
304.65
304.65
304.75
304.85
305.45
305.45
305.15
305.65
305.55
305.85
306.15
306.25
306.25
306.55
306.35
306.75
306.65
307.15
307.05
307.25
307.05
307.55
308.05
308.05
307.95
308.05
308.35
308.05
307.85
308.15
307.95
308.15
308.45
308.35
308.25
308.55
308.45
308.35
308.65
308.75
308.95
309.15
309.05
308.85
308.75
309.05
309.05
309.05
309.25
309.05
308.95
308.85
308.95
308.95
308.75
308.75
308.75
309.25
309.05
308.35
307.85
308.25
307.95
307.05
306.15
305.55
305.45
305.65
305.85
305.45
305.65
305.35
305.05
304.95
304.85
304.75
304.75
304.35
303.85
303.65
303.45
303.35
303.25
302.75
302.75
302.45
302.45
302.45
302.45
302.45
302.25
302.25
302.15
302.05
302.05
301.95
301.85
301.75
301.65
301.65
301.65
301.65
301.75
301.75
301.65
301.55
301.45
301.55
301.55
301.45
301.45
301.55
301.45
301.35
301.35
301.35
301.25
301.25
301.25
301.25
301.35
301.25
301.15
300.95
300.95
300.85
300.75
300.55
300.55
300.55
300.65
300.55
300.55
300.55
300.45
300.35
300.35
300.35
300.45
300.45
300.45
300.25
300.05
299.85
299.45
299.45
299.35
299.25
299.15
299.15
299.35
299.35
299.45
299.15
298.95
298.95
298.85
298.85
298.75
298.35
298.25
297.95
297.95
298.15
298.55
298.55
298.65
298.45
298.35
298.25
297.95
298.25
298.65
298.85
298.95
298.95
299.15
299.15
298.85
298.85
298.95
298.85
298.55
298.65
298.95
299.15
299.25
299.15
299.15
299.15
298.85
298.85
298.75
298.65
298.25
298.45
298.25
298.25
298.25
298.45
298.35
298.15
298.65
298.55
298.15
298.05
298.25
298.05
298.25
298.45
298.35
298.75
298.65
298.85
298.25
298.35
298.55
298.25
298.05
297.55
297.95
298.05
298.35
298.75
298.45
298.35
298.55
298.35
298.25
298.05
297.95
297.55
297.95
298.15
297.85
297.45
297.85
297.85
297.75
297.55
297.55
297.65
297.35
297.55
297.95
298.35
297.55
298.05
297.85
297.65
298.05
298.45
298.35
298.65
298.55
298.65
298.75
298.85
298.75
299.55
299.45
299.85
299.35
299.75
300.15
300.45
300.65
300.55
300.65
301.05
301.25
301.35
301.85
301.85
301.95
302.25
302.75
303.05
303.75
303.45
303.05
303.25
303.15
303.85
303.75
303.75
304.45
304.35
304.75
304.75
305.05
304.45
305.15
305.55
305.95
305.85
305.85
305.85
305.45
306.65
306.45
306.65
306.05
306.55
306.65
307.15
306.65
307.15
307.35
307.55
307.05
307.25
307.65
307.65
307.25
307.75
307.65
308.25
308.15
308.35
308.15
308.45
308.25
308.45
308.25
308.25
308.55
308.85
308.85
308.65
308.85
309.05
308.85
308.65
308.95
308.95
309.25
309.65
309.35
309.45
309.25
309.25
309.55
309.75
309.55
309.45
308.95
308.85
308.65
309.15
309.45
309.65
309.25
308.65
307.15
306.75
306.75
306.55
306.55
306.15
306.15
305.95
305.65
305.25
305.05
304.85
304.65
304.35
304.05
303.85
303.65
303.45
303.25
303.05
302.95
302.85
302.75
302.65
302.55
302.45
302.35
302.15
302.05
301.95
302.05
301.95
301.75
301.65
301.65
301.55
301.45
301.35
301.15
301.05
300.85
300.75
300.75
300.65
300.55
300.35
300.35
300.35
300.35
300.15
300.05
300.05
300.05
299.95
299.95
300.15
300.25
300.25
300.25
300.65
300.55
300.75
300.95
300.95
300.85
300.95
301.15
301.15
301.15
301.25
300.95
300.85
300.55
300.35
300.15
299.65
300.05
300.05
299.95
299.75
299.55
299.15
299.05
299.15
299.25
299.15
299.25
298.95
298.65
298.35
297.85
297.85
297.85
297.95
298.15
297.95
298.35
298.25
298.15
298.35
298.35
297.95
297.95
298.15
298.35
298.15
298.05
297.95
297.65
296.95
297.25
297.05
296.65
296.25
296.65
296.55
296.35
295.75
295.35
294.85
295.45
295.65
295.55
295.95
295.95
295.95
295.75
295.75
295.75
295.65
295.55
295.65
295.85
295.75
295.65
295.75
295.25
294.95
295.25
295.35
294.85
294.55
294.65
294.55
294.15
294.05
293.85
293.75
293.75
293.95
294.55
294.65
295.05
295.25
294.25
294.25
294.15
293.45
293.55
293.25
294.45
294.55
293.85
294.35
293.95
293.85
294.05
294.35
294.35
294.75
294.85
294.55
294.15
293.85
293.65
292.85
294.65
294.65
294.95
295.55
295.95
296.45
296.65
296.45
296.45
295.75
296.25
297.25
298.15
298.05
298.25
298.55
298.65
298.55
299.05
299.55
299.65
300.05
300.15
298.85
300.45
300.55
300.35
300.85
300.95
300.85
300.65
301.05
301.65
301.25
301.95
302.15
302.05
302.15
301.85
302.75
302.85
303.45
303.55
303.35
303.15
303.65
303.75
304.55
304.85
304.45
304.55
304.65
305.85
305.95
306.65
306.15
305.95
306.15
305.65
306.15
306.05
306.25
306.05
306.55
306.75
306.85
306.95
306.35
306.95
307.55
307.95
307.35
307.45
307.65
307.75
307.15
307.75
307.85
308.95
308.65
307.95
307.95
308.55
308.55
308.95
308.35
308.65
308.65
308.15
307.75
307.55
306.95
307.25
307.45
307.65
307.25
307.35
307.15
307.05
307.25
307.05
307.45
307.25
307.15
307.05
306.95
306.55
307.05
307.05
306.65
306.35
306.25
306.35
305.85
305.85
305.55
305.35
305.25
305.25
305.05
304.85
304.75
304.45
304.15
303.95
303.75
303.35
303.15
302.95
302.85
302.65
302.45
302.35
302.35
302.25
302.05
301.95
301.95
302.05
301.95
301.85
301.65
301.55
301.55
301.35
301.35
301.25
301.25
301.25
301.15
300.95
301.15
301.15
301.05
301.05
301.05
300.85
300.45
300.55
300.25
300.35
300.05
300.15
299.85
299.85
299.95
299.85
299.85
299.55
299.55
299.75
299.35
299.25
299.05
298.85
299.25
299.15
299.15
298.65
298.65
298.65
298.35
298.15
297.95
298.15
297.75
298.05
298.15
298.05
297.75
297.45
297.05
296.85
296.55
296.45
296.85
296.95
296.55
296.55
296.85
297.05
297.35
297.15
296.95
296.95
297.05
297.35
297.75
297.35
296.65
296.55
296.15
296.15
296.15
296.35
296.75
297.05
297.25
297.25
297.25
297.55
297.35
297.25
297.05
296.75
296.75
296.65
296.25
296.65
296.75
296.55
296.35
296.35
296.25
296.25
296.35
296.65
296.85
296.65
296.55
296.65
296.45
296.45
296.55
296.05
295.85
295.05
294.85
294.85
295.15
295.35
295.25
295.15
294.75
295.05
294.95
294.55
295.15
294.35
295.15
295.05
295.15
294.65
294.65
294.85
295.55
295.35
295.15
294.65
295.25
295.15
294.75
294.85
294.25
294.15
294.45
294.15
294.35
293.95
294.35
294.25
293.65
293.05
294.15
294.15
293.75
294.75
293.95
294.85
294.75
295.05
295.75
295.75
295.65
296.15
296.05
296.45
295.45
296.55
296.75
296.95
296.75
297.45
296.75
297.25
297.65
298.35
298.35
298.45
298.15
297.85
298.15
298.25
298.85
299.05
299.35
300.45
300.35
300.85
300.55
300.75
301.65
301.95
301.95
301.75
301.45
301.75
301.95
302.45
302.45
303.05
302.85
303.05
303.45
303.35
303.65
303.35
304.15
303.65
304.15
304.35
304.35
304.45
304.95
305.05
304.65
305.05
305.65
305.25
305.25
304.85
305.45
306.05
305.75
306.25
306.45
306.25
306.15
306.25
307.05
307.35
307.45
307.15
306.35
306.45
306.25
307.15
307.55
307.75
307.25
306.55
306.65
306.65
307.15
307.05
307.05
307.05
307.25
307.25
307.95
308.65
308.45
307.45
306.65
307.05
307.25
306.75
306.95
306.65
306.35
306.15
306.05
305.95
305.55
305.65
305.35
305.05
305.15
304.95
305.05
304.85
305.15
305.15
305.05
304.55
304.35
304.35
303.95
304.55
304.55
304.25
304.15
303.75
303.45
303.15
302.85
302.55
302.35
301.85
301.85
301.55
301.35
301.05
300.95
300.65
300.65
300.75
300.65
300.65
300.65
300.65
300.55
300.45
300.35
300.25
299.95
299.85
300.25
300.45
300.45
300.35
300.25
300.15
300.05
299.45
299.95
299.85
299.75
299.65
299.45
299.35
299.35
299.25
299.15
298.85
298.95
299.05
299.05
298.95
298.85
298.95
299.25
299.45
299.25
299.35
299.15
299.55
299.15
299.25
299.15
299.35
298.95
299.05
299.25
299.15
299.05
299.05
299.15
298.75
298.65
298.45
298.15
297.95
298.35
298.35
298.15
298.55
298.55
298.25
298.95
298.35
298.25
298.15
297.75
297.95
297.85
297.75
297.35
297.25
297.45
297.35
297.45
297.45
297.65
297.65
297.35
297.45
297.15
297.95
298.05
297.65
297.85
297.55
297.75
297.65
298.15
298.05
298.15
298.25
298.35
298.15
297.75
297.05
297.15
297.05
296.85
296.65
296.35
296.55
296.15
296.15
295.75
295.65
295.05
295.05
294.75
294.45
294.35
294.75
294.95
294.65
294.95
295.35
295.05
294.55
295.15
295.05
295.15
295.25
295.85
295.85
295.95
295.85
295.95
295.45
296.65
295.85
295.85
295.75
295.55
295.55
295.45
295.35
294.65
294.25
295.25
295.25
294.35
294.65
295.35
295.15
294.45
295.05
294.95
293.95
294.05
294.65
294.55
295.25
294.45
294.65
295.95
295.75
295.55
296.35
296.35
296.65
297.45
297.15
297.65
297.95
298.35
297.75
297.25
298.35
298.55
299.75
299.65
299.65
299.55
299.15
299.25
298.85
299.95
300.05
299.85
299.85
300.35
299.85
300.65
301.35
301.95
301.05
301.55
302.15
302.55
302.95
303.25
303.75
303.85
304.15
304.25
304.65
303.95
304.45
304.95
305.35
305.45
305.25
305.45
304.95
304.65
305.65
306.25
306.15
306.05
305.95
306.35
306.55
306.55
306.25
305.85
306.45
306.25
306.65
306.55
306.95
306.75
306.95
307.65
307.45
307.75
307.35
307.45
308.35
307.15
307.35
307.55
308.65
308.95
309.85
309.25
308.85
309.35
308.95
308.25
308.75
308.85
308.45
308.45
308.35
308.25
308.25
308.95
308.95
308.25
307.95
307.65
307.65
307.05
306.85
306.55
306.35
306.05
305.95
305.65
305.85
305.95
306.05
305.65
304.85
304.75
305.05
305.15
304.85
304.75
304.75
304.45
304.25
303.85
303.55
303.25
302.95
302.45
302.75
302.55
302.25
302.05
301.85
301.65
301.55
301.35
301.25
301.25
301.25
301.15
301.05
300.95
300.95
300.95
300.85
300.95
300.95
301.05
301.05
300.85
300.65
300.45
300.35
300.25
300.05
299.65
299.65
299.35
299.25
299.05
298.75
298.75
298.65
299.15
299.15
299.55
299.65
299.65
299.55
299.15
299.15
299.05
298.85
298.95
299.15
299.05
298.95
299.15
299.15
298.85
298.75
298.15
298.85
299.05
299.05
298.95
298.15
298.45
298.05
297.75
297.45
297.55
298.05
298.15
298.05
298.45
298.65
298.65
298.55
298.05
297.65
296.85
296.35
296.45
296.35
296.15
296.25
296.55
296.95
296.95
297.45
297.55
297.25
296.85
297.15
297.15
297.25
296.95
296.45
296.35
296.85
296.65
296.75
296.45
296.45
296.55
295.95
296.85
297.05
296.95
296.65
296.85
296.95
296.85
296.15
295.15
294.95
294.35
294.55
294.55
293.95
294.05
293.95
293.25
293.95
294.45
294.15
294.45
294.25
293.95
293.95
293.95
293.45
293.35
293.55
293.15
293.55
293.25
293.15
293.55
292.85
292.75
293.65
293.85
293.45
293.65
293.35
293.45
293.25
293.25
293.25
293.65
293.25
294.05
292.95
293.75
293.25
293.95
293.75
293.35
293.15
293.75
293.15
293.05
293.25
292.95
292.95
292.75
293.55
293.55
294.25
293.95
294.55
294.45
295.25
295.35
295.85
296.35
295.65
297.75
297.55
298.05
298.55
297.05
298.75
298.75
299.55
300.15
300.15
300.95
301.15
302.05
301.75
301.95
302.05
302.65
302.05
302.35
302.55
303.35
303.15
303.75
304.05
303.35
303.35
303.95
304.95
305.65
305.15
304.55
305.15
305.75
305.65
306.15
306.55
306.35
305.85
305.85
305.95
306.55
305.95
305.85
306.55
305.95
306.25
306.15
305.65
306.35
305.95
306.55
307.25
306.05
305.25
306.55
306.45
306.35
305.95
306.05
305.75
306.85
306.45
305.95
306.45
306.65
306.35
306.45
306.55
306.15
306.75
306.75
306.55
306.45
306.75
306.95
306.55
306.55
307.05
307.05
307.05
306.65
306.05
306.45
306.75
306.75
306.65
306.65
306.35
306.05
306.35
306.65
306.45
306.15
305.95
305.95
306.15
306.15
306.05
305.65
305.75
305.75
305.75
305.25
305.35
305.55
305.45
305.05
304.95
304.75
304.55
304.25
303.85
303.55
303.25
303.15
303.15
302.95
302.45
301.85
301.65
301.35
301.25
301.25
301.05
300.85
300.65
300.45
300.25
299.95
300.05
300.05
300.05
300.05
299.95
299.85
299.85
299.85
299.85
299.95
300.05
300.05
300.05
300.05
300.05
300.05
300.15
299.75
300.05
299.95
299.85
299.55
299.65
299.45
299.45
299.45
299.15
298.95
299.15
299.45
299.45
299.45
299.45
299.35
299.25
299.25
299.15
298.75
298.75
298.85
298.75
298.75
298.65
298.55
298.45
298.35
298.45
298.45
298.35
298.15
298.15
298.15
298.25
298.25
298.25
298.25
298.15
298.15
298.05
298.05
297.65
297.85
297.65
297.25
297.35
297.25
297.05
296.95
296.75
296.85
296.75
296.65
296.65
296.85
296.85
296.85
296.85
296.55
296.45
296.35
295.95
296.15
296.15
295.75
295.75
295.65
295.75
295.85
295.75
295.85
295.85
295.95
295.95
295.85
295.55
295.45
295.55
295.75
295.65
294.95
295.65
295.45
295.25
295.15
294.95
294.75
294.35
294.35
294.25
294.55
294.45
294.15
294.35
294.05
294.55
294.55
294.65
294.55
294.15
294.35
294.25
294.05
293.65
294.05
293.55
293.75
294.05
293.75
293.55
293.45
293.25
293.55
293.15
293.35
292.75
292.85
292.55
292.95
292.85
292.85
292.85
292.95
292.45
292.95
292.75
293.05
293.45
293.55
293.45
293.85
294.25
294.55
294.65
295.25
295.95
296.05
295.75
296.25
295.95
296.55
295.95
296.45
296.15
296.45
297.35
297.35
297.95
296.95
296.45
297.25
297.55
298.15
298.15
298.45
299.55
299.55
299.35
299.05
299.05
299.75
300.15
300.35
300.45
300.45
300.75
301.65
302.05
302.55
302.15
303.05
303.55
302.95
303.55
303.05
303.85
304.55
304.95
304.85
304.95
305.05
304.65
305.25
305.35
304.95
305.15
305.25
305.65
306.25
306.15
305.25
306.35
306.35
306.25
306.15
305.95
306.05
305.85
305.55
305.45
305.65
306.35
306.35
305.15
306.15
306.65
307.25
306.25
306.15
306.35
306.85
306.85
307.45
307.25
306.95
307.35
307.35
307.35
307.45
307.25
307.05
307.75
307.75
307.15
306.95
307.75
307.55
307.25
307.25
307.15
306.85
307.05
306.85
306.75
306.35
306.05
306.05
306.45
306.55
306.05
306.05
305.95
305.95
306.05
305.55
305.35
305.25
304.85
304.45
304.55
304.45
304.05
303.85
303.55
303.45
303.15
302.85
302.75
302.65
302.45
302.15
301.85
301.65
301.45
301.25
301.05
300.85
300.85
300.75
300.55
300.35
300.35
300.25
300.35
300.55
300.65
300.65
300.65
300.55
300.55
300.45
300.45
300.45
300.35
300.35
300.35
300.45
300.55
300.75
300.85
300.95
300.75
300.45
300.25
300.25
300.15
300.15
300.05
300.05
300.15
300.05
299.95
299.95
299.95
299.85
299.75
299.65
299.75
299.55
299.75
299.75
299.45
299.55
299.45
299.65
299.65
299.45
299.05
298.85
298.55
298.75
298.75
298.85
298.85
298.65
298.65
298.65
298.65
298.65
298.35
298.35
298.05
298.25
298.15
298.15
298.35
298.75
298.85
298.75
298.65
298.35
297.85
297.45
297.35
297.35
297.15
296.75
296.85
296.85
296.95
296.95
296.85
296.75
296.55
297.05
297.25
296.85
297.15
297.05
296.95
296.95
296.85
297.05
297.15
297.25
297.15
297.15
297.15
297.05
297.05
297.25
297.55
297.05
297.05
296.75
296.95
296.85
296.45
296.55
296.85
296.75
296.45
296.55
296.25
295.95
295.55
295.65
295.35
295.35
295.15
295.15
295.35
295.35
295.35
295.25
295.15
295.75
296.15
296.45
296.55
296.05
296.15
296.55
297.15
297.45
297.95
297.95
297.95
297.15
296.95
297.05
296.25
296.45
295.45
295.65
295.75
295.75
295.45
295.25
295.75
295.55
295.55
295.75
295.45
295.95
296.05
296.85
297.65
297.45
298.25
298.65
298.65
299.05
299.05
299.05
299.55
299.85
300.25
300.15
299.95
300.75
300.95
300.55
301.05
301.45
301.65
301.85
301.95
301.85
302.15
302.55
301.95
302.85
302.65
302.85
303.25
303.85
305.05
305.25
305.35
305.35
305.05
305.85
306.05
306.05
305.35
305.25
306.05
305.65
304.85
306.35
305.95
306.35
306.05
306.55
306.65
306.95
307.35
307.25
307.25
307.35
307.05
307.15
307.35
307.45
307.95
307.75
307.95
307.15
307.85
308.25
308.65
308.35
308.25
308.05
308.15
308.75
308.55
308.65
309.15
309.85
308.85
307.85
307.65
307.95
307.85
308.05
308.05
307.55
307.45
307.15
306.95
307.15
307.05
306.95
306.65
306.75
306.55
306.65
306.95
306.75
306.45
306.25
306.25
306.15
306.35
306.35
306.15
306.25
306.05
305.95
306.05
306.15
306.05
305.35
305.05
305.05
304.45
304.15
303.95
303.95
303.75
303.65
303.45
303.45
303.05
303.05
302.85
302.55
302.35
302.25
302.05
301.85
301.45
301.55
301.55
301.55
301.55
301.65
301.55
301.45
301.35
301.25
301.35
301.25
301.35
301.45
301.45
301.45
301.45
301.25
301.45
301.45
301.45
301.35
301.35
301.35
301.35
301.35
301.25
301.35
301.25
301.45
301.35
301.25
301.15
301.05
300.85
300.75
300.65
300.55
300.65
300.55
300.65
300.75
300.55
300.45
300.45
300.35
300.05
300.15
299.95
299.85
299.85
299.65
299.55
299.45
299.15
299.45
299.15
299.35
299.35
299.25
299.25
299.25
299.15
299.15
298.85
298.95
298.85
298.75
298.75
298.55
298.45
298.25
298.15
298.05
298.05
297.85
298.05
297.65
297.85
297.65
297.25
297.15
297.25
297.15
297.25
297.25
297.05
296.95
296.95
296.95
297.15
297.25
296.95
296.95
296.85
296.85
296.75
296.65
296.55
296.35
296.25
296.15
295.95
296.25
296.15
296.35
296.55
296.75
296.75
296.65
296.75
297.05
297.05
297.05
296.85
297.05
296.85
296.65
296.65
296.55
296.55
296.05
296.55
296.45
296.25
296.35
296.15
296.55
296.15
296.15
295.65
295.45
295.55
295.25
295.25
295.85
296.15
296.55
296.85
296.65
296.65
296.55
295.85
295.55
295.45
295.15
295.65
295.95
296.95
297.25
297.75
298.05
298.45
298.05
297.85
299.15
299.35
299.55
299.65
299.75
300.25
301.05
300.65
299.85
300.45
301.85
302.15
302.65
302.45
302.55
302.85
303.15
303.25
303.95
304.35
304.25
303.85
303.85
303.65
304.05
303.95
304.75
304.95
304.85
305.15
305.15
305.25
305.55
305.75
305.65
305.85
305.85
305.65
305.85
305.55
305.75
305.95
306.05
305.95
305.85
306.25
306.25
306.25
306.45
306.45
306.65
306.75
306.85
306.95
306.95
306.85
306.55
307.25
307.35
307.25
307.45
306.65
307.85
307.25
307.45
307.65
307.65
307.65
307.75
307.75
308.15
308.35
308.15
308.25
308.25
308.45
308.05
308.75
308.85
308.75
308.55
308.95
308.65
308.55
308.65
308.45
308.45
308.35
308.65
308.55
308.95
309.35
309.05
309.35
309.85
309.45
309.75
310.25
310.35
309.25
307.95
307.75
307.95
308.55
308.05
307.75
307.35
307.25
307.15
307.25
306.85
306.75
306.65
306.45
306.55
306.15
305.95
305.85
305.35
305.25
305.25
304.85
304.55
304.05
303.85
303.65
303.45
303.25
303.15
303.05
302.95
302.85
302.75
302.65
302.55
302.35
302.25
302.15
302.05
301.95
301.95
301.95
301.75
301.75
301.75
301.75
301.85
301.85
301.85
301.85
301.85
301.85
301.85
301.65
301.65
301.55
301.45
301.55
301.45
301.45
301.55
301.45
301.45
301.45
301.35
301.35
301.25
301.25
301.25
301.15
301.15
301.05
301.15
301.05
300.95
300.85
300.75
300.55
300.45
300.45
300.45
300.45
300.45
300.35
300.35
300.15
300.05
299.95
299.85
299.65
299.55
299.45
299.25
299.15
299.15
299.15
299.15
299.25
299.25
299.15
299.15
299.05
299.05
299.05
298.95
298.95
298.85
298.75
298.75
298.75
298.65
298.55
298.65
298.75
298.65
298.65
298.55
298.55
298.45
298.35
298.25
298.05
297.85
297.85
297.85
297.85
297.85
297.85
297.75
297.55
297.45
297.35
297.35
297.25
297.25
297.35
297.45
297.15
297.15
297.05
297.05
297.15
297.55
297.75
297.85
297.95
298.05
297.85
297.65
297.55
297.45
297.25
297.15
297.15
297.05
296.75
296.65
296.95
296.75
296.65
296.65
296.25
296.55
296.65
296.35
296.75
296.85
296.75
296.65
296.65
296.55
296.45
296.05
296.25
296.35
296.35
296.45
296.15
296.15
296.45
296.65
296.65
296.25
296.35
296.45
296.65
296.75
296.75
296.95
296.35
297.35
297.45
298.15
298.45
298.65
298.75
299.25
299.95
300.05
300.55
300.65
300.95
301.05
301.65
301.95
302.35
302.05
302.25
302.25
302.25
302.25
302.35
302.15
302.25
302.85
302.75
302.65
302.75
302.85
302.95
303.75
303.45
303.95
304.25
304.85
305.55
305.15
305.75
305.35
305.45
305.95
305.35
305.45
305.75
306.05
306.45
306.95
306.95
306.95
307.05
307.15
307.25
307.15
307.55
307.65
307.25
307.05
307.45
308.15
308.25
308.05
308.15
308.15
308.65
308.35
307.55
309.15
309.55
309.35
309.65
309.55
309.35
309.85
309.85
309.65
309.25
309.05
309.45
309.85
310.25
309.65
309.25
308.95
308.85
309.35
308.95
308.75
308.45
308.85
309.05
308.95
308.85
308.85
308.75
308.45
308.45
308.35
308.15
308.05
308.15
308.05
307.95
307.75
307.75
307.75
307.15
307.25
307.05
306.75
306.45
306.45
306.45
306.15
305.95
305.45
305.55
305.35
305.15
305.05
305.05
304.95
304.75
304.75
304.85
304.75
304.35
303.75
303.35
303.25
303.15
303.05
302.95
302.85
302.65
302.55
302.45
302.35
302.35
302.35
302.35
302.25
302.35
302.35
302.35
302.35
302.45
302.35
302.35
302.35
302.25
302.25
302.15
302.15
302.05
301.95
301.95
301.95
301.95
301.95
301.95
301.95
301.95
301.95
301.85
301.75
301.65
301.55
301.45
301.35
301.35
301.35
301.45
301.55
301.45
301.35
301.25
301.05
300.95
300.85
300.65
300.75
300.85
300.85
300.75
300.45
300.35
300.25
300.25
300.15
299.95
299.75
299.65
299.65
299.65
299.65
299.45
299.35
299.25
299.05
298.95
298.95
299.05
299.15
299.05
299.05
298.95
298.95
298.85
298.75
298.65
298.45
298.45
298.35
298.35
298.35
298.35
298.35
298.35
298.35
298.25
298.15
298.25
298.05
298.25
298.05
297.85
297.65
297.65
297.65
297.55
297.65
297.65
297.55
297.45
297.45
297.25
297.25
297.15
297.05
296.95
296.85
296.75
296.65
297.15
297.35
297.35
297.35
297.45
297.45
297.75
297.65
297.55
297.55
297.45
297.15
297.45
297.65
297.75
297.75
297.65
297.75
297.75
297.75
297.45
297.35
297.25
297.15
296.85
296.45
296.45
296.15
296.15
296.45
296.15
296.15
296.05
295.95
296.25
296.05
296.05
296.25
296.35
296.55
296.75
296.85
296.75
297.15
297.35
297.45
297.75
297.85
298.05
297.95
298.15
298.75
298.75
298.95
299.05
299.45
299.55
299.55
299.75
300.05
299.55
299.85
299.85
299.85
300.25
300.45
300.75
300.45
300.55
300.45
301.05
301.05
301.55
301.95
301.65
302.25
302.55
302.95
303.35
303.15
303.55
304.05
304.75
304.65
303.95
304.45
304.75
305.05
305.65
306.05
306.15
306.15
306.25
305.95
306.05
305.85
305.85
305.55
305.15
305.95
306.55
306.95
307.05
306.95
307.15
307.25
307.45
306.95
307.25
307.65
307.55
307.85
308.15
308.05
307.75
307.25
307.55
307.75
307.45
307.55
307.65
307.75
307.25
307.35
307.75
307.75
307.55
307.75
307.45
307.65
307.45
307.35
306.95
306.55
306.75
306.85
306.65
305.85
305.95
306.15
306.35
306.65
306.25
306.45
306.15
306.25
305.65
305.65
305.75
305.85
305.55
305.55
305.15
305.25
304.95
304.85
304.65
304.45
304.35
304.35
304.15
303.35
303.75
303.55
303.45
303.35
303.25
303.05
302.95
302.75
302.65
302.55
302.45
302.35
302.35
302.25
302.25
302.25
301.95
301.95
302.15
301.85
301.75
301.85
301.75
301.65
301.55
301.55
301.45
301.45
301.35
301.35
301.35
301.35
301.35
301.35
301.25
301.25
301.15
301.25
301.35
301.25
301.15
301.05
301.05
300.95
300.95
300.95
300.95
300.95
300.95
300.95
300.85
300.75
300.65
300.65
300.65
300.55
300.45
300.45
300.45
300.35
300.35
300.25
300.35
300.35
300.35
300.35
300.35
300.35
300.25
300.25
300.25
300.25
300.25
300.15
300.15
300.05
299.95
299.85
299.85
299.85
299.75
299.75
299.75
299.65
299.55
299.45
299.35
299.25
299.25
299.05
299.05
299.05
299.05
298.75
298.95
298.85
298.75
298.75
298.35
298.45
298.35
298.35
298.25
298.25
298.25
298.15
298.05
298.05
298.05
297.95
297.95
297.85
297.85
297.75
297.45
297.45
297.65
297.75
297.55
297.75
297.65
297.55
297.25
297.35
297.15
297.05
296.85
296.75
296.65
296.85
296.85
296.95
296.75
297.05
296.55
296.75
297.05
296.85
296.85
296.35
296.45
296.55
296.55
296.65
296.65
296.55
296.45
296.45
296.45
296.45
296.55
296.05
296.75
296.55
296.55
296.75
296.45
296.65
296.35
296.05
295.25
296.35
296.15
295.95
296.35
296.15
295.95
296.45
296.55
296.35
296.45
296.75
296.85
297.25
297.25
297.55
298.05
298.35
298.65
298.95
299.25
299.55
299.75
299.85
299.55
300.05
299.75
299.95
300.75
301.05
301.25
301.25
301.35
301.35
301.05
300.95
301.15
301.75
301.75
302.25
302.55
302.55
302.85
303.05
303.05
303.05
302.95
303.65
303.85
304.15
304.45
304.55
304.65
304.65
305.05
304.95
305.45
305.95
306.65
306.75
306.55
306.85
306.15
305.85
306.25
306.45
305.85
306.55
306.65
306.75
306.35
306.75
306.85
307.05
306.35
306.45
306.55
306.85
307.05
306.75
306.65
306.95
306.85
306.45
306.65
306.35
306.75
306.65
306.35
306.25
306.35
306.05
305.85
305.85
306.05
306.05
306.45
306.95
306.65
306.25
306.15
306.25
306.55
306.95
306.85
306.95
307.15
306.65
306.25
305.95
306.15
305.85
306.05
306.35
306.05
306.05
306.15
306.15
306.25
306.05
305.75
305.55
305.65
305.55
305.45
305.25
305.05
304.65
304.55
304.45
304.45
304.15
303.85
303.65
303.55
303.35
303.15
302.95
302.85
302.75
302.65
302.45
302.45
302.35
302.35
302.35
302.35
302.25
302.15
301.95
302.05
302.25
302.15
301.95
301.75
301.85
301.65
301.55
301.65
301.55
301.55
301.75
301.75
301.65
301.45
301.45
301.45
301.35
301.15
301.05
300.85
300.75
300.75
300.55
300.45
300.45
300.35
300.15
300.05
300.05
299.85
299.65
299.55
299.45
299.55
299.55
299.55
299.55
299.65
299.65
299.55
299.35
299.35
299.35
299.55
299.45
299.35
299.25
299.05
298.85
298.55
298.65
298.55
298.45
298.25
298.15
298.35
298.45
298.35
297.95
297.35
297.05
297.05
297.05
297.25
297.15
297.25
297.35
297.35
297.25
297.35
297.25
297.05
296.95
296.85
296.95
296.85
296.75
296.75
296.65
296.85
296.85
296.75
296.65
296.55
296.55
296.55
296.35
295.95
295.75
295.65
295.45
295.55
295.35
295.45
295.55
296.05
296.15
295.95
296.15
296.05
295.85
295.25
295.75
295.75
295.75
295.65
295.55
295.05
295.25
295.25
295.45
295.45
295.55
295.65
295.65
295.55
295.25
295.35
295.05
294.85
295.05
295.15
295.15
295.05
294.65
295.05
295.05
294.95
295.25
294.95
294.55
295.15
294.95
294.95
295.15
295.15
294.85
295.05
295.15
294.85
294.75
295.35
295.65
295.65
295.65
295.85
296.65
296.65
297.35
297.35
298.35
298.55
298.85
298.55
299.05
299.15
299.55
299.65
299.45
299.65
299.65
298.95
299.75
299.85
299.95
299.55
299.95
299.95
300.05
300.05
300.35
300.55
300.65
301.15
301.15
301.05
301.65
301.75
302.15
302.55
303.05
303.65
303.65
303.95
304.35
304.55
304.35
304.85
304.65
305.25
305.15
305.25
304.75
305.65
305.85
306.15
306.45
306.45
306.15
306.45
306.75
306.65
307.45
307.55
307.25
307.05
306.95
307.65
308.55
308.65
308.95
309.45
309.75
309.65
309.15
309.05
309.05
309.15
309.05
308.45
307.95
308.15
308.75
308.65
308.35
307.85
308.25
308.05
308.05
308.15
307.65
307.75
307.05
307.15
307.25
307.15
306.95
307.05
307.45
307.35
306.95
307.25
306.85
306.55
306.15
305.85
306.35
306.55
306.15
306.15
306.15
306.35
306.65
306.35
305.95
305.65
305.85
305.85
305.85
305.45
305.05
305.05
304.85
304.65
304.35
304.15
304.05
303.85
303.45
303.45
303.05
302.75
302.45
302.35
302.05
301.85
301.65
301.35
301.35
301.25
301.15
301.05
301.05
301.15
301.15
301.05
300.95
300.95
300.85
300.85
300.75
300.65
300.65
300.55
300.45
300.65
300.55
300.85
300.95
300.85
300.65
300.35
300.15
300.15
300.15
300.05
299.95
299.95
299.85
299.75
299.65
299.45
299.35
299.35
299.15
299.15
298.85
299.15
299.45
299.65
299.85
299.95
300.05
300.15
300.05
299.85
299.75
299.65
299.55
299.55
299.45
299.35
299.25
299.25
299.25
299.15
298.95
298.85
298.85
298.75
298.65
298.55
298.55
298.45
298.35
298.35
298.35
298.45
298.35
298.35
298.35
298.45
298.35
298.45
298.35
298.25
298.25
298.25
298.35
298.35
298.25
298.25
298.15
298.05
297.95
297.75
297.95
297.75
297.75
297.75
297.45
297.75
297.85
297.85
297.85
297.75
297.05
297.45
297.75
297.75
297.55
297.75
297.45
297.75
298.25
298.35
298.25
298.35
298.35
298.15
298.15
298.15
297.95
297.75
297.75
297.55
297.45
297.25
297.35
296.85
296.85
296.65
296.55
296.25
295.85
296.15
295.75
295.55
295.55
295.55
295.55
295.35
294.95
295.25
295.35
295.35
295.35
295.05
294.85
295.05
295.35
295.15
295.35
295.55
295.45
295.35
295.25
295.15
294.95
294.95
295.25
295.35
294.95
295.25
295.05
295.35
296.05
296.25
296.85
297.25
297.15
297.45
297.75
297.05
296.85
297.15
297.85
298.25
298.85
299.05
298.45
298.55
298.85
299.45
299.55
300.05
299.55
300.35
299.85
300.45
300.95
300.85
300.95
301.35
301.65
301.45
302.15
301.45
302.05
302.45
303.05
302.85
303.25
302.95
303.55
303.95
304.55
304.55
304.75
304.35
304.45
304.95
304.35
304.75
305.75
305.55
305.25
305.45
305.55
305.15
305.15
306.35
306.55
306.95
306.55
306.45
306.35
305.85
306.55
306.05
306.75
306.25
306.95
306.95
307.35
306.95
306.65
307.25
306.05
306.55
306.75
307.05
307.35
306.85
307.35
307.45
307.05
306.95
306.75
306.95
306.45
306.65
305.95
306.45
306.05
306.15
305.55
305.85
306.25
306.15
306.45
305.95
306.85
306.85
306.15
305.65
306.25
306.45
306.25
306.45
306.05
305.35
305.65
305.75
305.75
305.15
305.65
305.45
304.45
304.85
304.45
304.55
304.15
304.15
303.65
303.25
303.25
303.25
303.05
302.85
302.65
302.05
302.15
301.95
301.75
301.55
301.35
301.35
301.15
301.05
300.95
300.65
300.75
300.55
300.55
300.55
300.85
300.85
300.85
300.85
300.85
300.75
300.75
300.75
300.65
300.65
300.55
300.05
300.45
300.45
300.45
300.45
300.35
300.35
300.25
300.25
300.15
300.25
299.95
300.15
300.05
300.05
299.95
299.95
299.85
299.75
299.65
299.65
299.55
299.55
299.55
299.45
299.45
299.35
299.25
299.25
299.25
299.15
299.15
299.05
298.95
299.05
299.05
299.15
299.35
299.45
299.45
299.75
299.75
299.75
299.55
299.35
299.25
299.05
298.95
298.85
298.75
298.45
298.65
298.75
298.45
298.35
298.55
298.35
298.45
298.45
298.35
298.25
298.15
298.05
298.05
297.95
297.85
297.85
297.55
297.75
297.65
297.55
297.45
297.55
297.45
297.55
297.55
297.35
297.65
297.55
297.65
297.65
297.35
297.55
297.55
297.45
297.15
297.35
296.95
296.95
297.05
296.95
296.95
296.95
296.85
296.65
296.75
296.45
296.25
296.35
296.05
295.95
296.15
295.95
296.15
296.25
296.25
296.45
296.45
296.15
295.95
295.85
295.55
295.85
295.75
295.25
295.65
295.65
295.85
295.85
295.85
295.85
295.55
295.35
295.45
295.75
295.95
295.55
296.05
295.75
296.05
295.85
295.85
296.55
296.65
296.25
296.25
296.75
296.45
296.65
295.75
296.05
296.95
296.95
296.95
297.15
297.35
297.85
297.85
297.75
297.85
297.95
298.05
298.95
298.75
298.75
298.55
298.85
298.75
300.05
300.45
299.75
299.85
299.85
301.15
301.05
301.25
301.65
301.65
302.75
303.25
303.05
302.75
303.35
303.25
303.25
302.35
303.75
304.45
304.85
304.75
305.25
305.65
306.15
305.15
304.95
305.35
305.95
306.05
306.05
305.85
306.35
306.45
306.65
306.75
306.65
306.15
307.15
307.35
307.25
307.65
307.05
306.95
307.05
307.05
307.65
307.05
307.55
307.45
307.15
306.75
306.75
307.25
307.35
307.25
306.85
306.55
306.35
306.05
305.55
305.35
305.85
306.15
306.25
305.85
305.45
305.35
305.85
305.85
306.05
305.75
305.85
305.75
305.75
305.55
305.55
305.45
304.75
305.15
305.45
305.35
304.65
304.55
304.65
304.65
304.65
304.35
304.15
303.95
303.75
303.75
303.55
303.55
303.45
303.45
303.35
303.25
303.05
303.05
302.85
302.75
302.65
302.45
302.35
302.25
302.15
302.05
301.95
301.85
301.65
301.65
301.55
301.55
301.45
301.35
301.15
301.05
300.95
300.85
300.85
300.85
300.85
300.75
300.75
300.65
300.65
300.55
300.55
300.45
300.35
300.35
300.35
300.25
300.25
300.15
300.05
300.05
300.05
299.95
299.85
299.85
299.85
299.85
299.75
299.75
299.65
299.55
299.45
299.45
299.35
299.45
299.45
299.45
299.45
299.45
299.45
299.35
299.45
299.55
299.55
299.45
299.65
299.65
299.55
299.45
299.55
299.45
299.35
299.35
299.45
299.35
299.35
299.25
298.95
299.05
298.65
298.95
298.95
298.95
298.85
298.85
298.75
298.65
298.55
298.55
298.55
298.45
298.45
298.35
298.35
298.35
298.45
298.35
298.25
298.15
297.95
297.85
297.85
297.75
297.55
297.45
297.65
297.45
297.55
297.45
297.45
297.55
297.45
297.65
297.35
297.55
297.45
297.45
297.35
297.25
297.05
296.75
297.35
297.45
297.35
296.95
297.05
296.95
296.95
296.65
296.95
296.85
296.75
296.75
296.65
296.65
296.85
296.55
296.45
296.55
296.25
296.55
296.35
296.45
296.35
296.25
296.55
296.65
296.75
296.65
296.65
296.25
296.35
296.15
296.25
296.05
295.75
296.35
296.35
296.05
295.65
296.15
296.25
296.25
296.25
296.05
296.45
296.25
296.25
296.65
297.45
296.85
297.85
298.15
298.55
298.55
298.65
298.35
299.25
298.95
299.05
299.45
299.85
300.15
300.05
299.65
300.35
300.45
300.45
300.95
301.25
301.45
301.75
301.85
301.75
302.15
302.55
302.75
303.25
302.75
303.25
303.05
303.35
303.05
303.55
303.15
303.65
303.25
303.75
303.85
304.25
304.95
305.05
305.65
306.15
306.05
306.25
306.05
304.95
306.05
306.45
306.15
306.45
306.65
306.65
306.65
306.75
307.35
307.45
306.75
306.85
306.45
306.25
306.35
306.55
306.05
306.05
306.25
305.95
305.65
305.75
305.45
306.05
306.05
305.95
306.45
306.65
306.25
306.65
306.85
307.05
306.85
306.65
307.15
307.15
307.25
307.05
307.25
307.55
307.45
307.45
307.05
307.25
307.15
307.25
307.05
306.85
306.95
307.05
306.75
306.75
306.75
306.55
306.45
306.55
306.45
306.15
306.05
306.05
305.95
306.15
305.75
305.35
305.45
305.15
304.95
304.95
304.65
304.25
304.05
304.05
303.85
303.55
303.25
303.05
302.95
302.85
302.75
302.65
302.55
302.45
302.45
302.25
302.15
302.15
302.15
302.05
301.95
301.85
301.75
301.55
301.65
301.55
301.55
301.55
301.55
301.55
301.45
301.45
301.45
301.45
301.35
301.35
301.25
301.25
301.25
301.15
301.05
300.95
300.95
300.95
300.95
300.85
300.85
300.75
300.65
300.55
300.55
300.55
300.45
300.35
300.35
300.45
300.45
300.25
300.55
300.55
300.55
300.55
300.55
300.35
300.25
300.15
300.15
300.15
300.15
300.05
299.95
299.85
299.75
299.75
299.65
299.65
299.65
299.75
299.75
299.65
299.55
299.55
299.35
299.45
299.35
299.25
299.05
299.25
299.25
299.25
299.45
299.35
299.25
299.15
299.15
299.15
299.05
298.75
298.85
298.75
298.65
298.55
298.55
298.55
298.45
298.45
298.35
298.35
298.45
298.45
298.25
298.45
298.45
298.45
298.55
298.45
298.15
298.35
298.25
298.15
298.05
298.05
297.95
297.95
297.95
297.95
297.65
297.95
297.95
297.75
298.05
297.75
297.85
297.85
297.95
297.85
297.65
297.85
297.65
297.35
297.85
297.75
297.65
297.35
297.65
297.65
297.55
297.35
297.55
297.35
297.35
297.35
297.55
297.55
297.45
297.45
297.45
297.45
297.45
297.55
297.65
297.45
297.35
297.75
298.05
298.25
298.15
298.15
298.25
298.35
298.95
298.95
299.25
299.25
299.35
299.05
298.95
298.75
299.25
299.55
299.65
300.55
301.35
301.85
301.95
302.25
302.45
302.25
302.55
302.05
302.25
302.45
303.05
303.15
302.35
302.45
302.05
302.85
303.75
304.35
304.65
304.55
304.85
304.85
305.05
305.75
305.55
305.85
305.85
306.15
306.15
306.75
306.55
306.95
307.45
307.25
306.95
307.75
307.95
307.65
307.75
307.75
308.25
308.15
307.85
308.25
308.25
308.55
308.35
308.25
308.55
308.75
308.95
308.85
308.85
308.75
308.85
308.35
308.55
308.55
308.75
308.85
308.65
308.65
308.15
308.45
308.15
308.35
308.05
307.85
308.15
307.75
307.95
308.15
307.85
307.65
307.35
307.35
307.45
307.15
306.35
306.65
307.05
307.15
306.65
306.65
306.55
306.55
306.55
306.55
306.35
306.15
306.15
306.55
306.35
306.25
306.15
306.25
306.45
306.35
306.25
306.15
305.95
305.85
305.75
305.55
305.55
305.45
305.35
305.25
305.15
305.25
304.95
304.45
304.35
304.35
304.25
303.95
303.65
303.45
303.35
303.25
303.15
303.15
303.15
303.15
303.05
303.05
303.05
303.05
303.05
302.95
302.95
302.85
302.75
302.65
302.55
302.55
302.45
302.35
302.25
302.15
302.15
302.05
301.95
301.85
301.75
301.65
301.55
301.45
301.45
301.35
301.35
301.35
301.25
301.35
301.35
301.35
301.35
301.35
301.25
301.25
301.15
301.05
301.05
300.95
300.95
300.95
300.95
300.95
300.85
300.75
300.65
300.65
300.75
300.85
300.85
300.75
300.75
300.65
300.55
300.45
300.35
300.25
300.15
300.05
300.15
300.15
300.05
299.95
299.95
299.85
299.85
299.75
299.75
299.85
299.85
299.85
299.75
299.65
299.55
299.45
299.35
299.35
299.25
299.25
299.15
299.05
299.05
299.05
298.95
298.95
298.75
298.65
298.55
298.45
298.45
298.35
298.35
298.35
298.55
298.55
298.55
298.45
298.65
298.55
298.55
298.55
298.45
298.15
298.25
298.25
298.25
298.15
298.25
298.25
298.25
298.25
298.25
298.25
298.15
298.05
298.05
298.05
298.05
298.05
298.25
297.45
298.05
298.05
298.05
297.75
298.05
298.15
298.15
298.15
298.05
297.55
297.75
297.85
297.65
297.75
297.75
297.65
297.65
297.65
297.55
297.55
297.25
297.45
297.55
297.55
297.55
297.35
297.65
297.85
297.95
298.15
298.05
298.65
298.85
298.65
299.05
299.15
299.15
299.15
299.85
300.25
300.35
300.55
300.75
301.15
301.35
301.35
301.65
301.75
301.45
302.05
302.45
302.45
302.35
302.55
302.95
303.25
303.15
303.55
303.45
303.55
303.45
303.65
303.95
304.25
304.55
304.65
304.95
304.95
305.25
305.55
305.85
306.15
305.95
306.45
307.25
307.05
307.15
306.95
306.65
306.95
307.25
307.45
307.15
306.65
307.05
307.15
307.45
306.95
307.25
307.15
307.35
307.55
307.55
306.85
306.95
307.25
307.75
307.45
307.75
307.45
307.05
307.15
307.55
307.55
307.75
307.55
307.25
307.75
307.75
307.45
307.25
306.95
307.35
307.45
307.15
306.95
307.25
307.25
307.65
307.85
307.75
307.65
308.25
308.65
308.35
307.55
307.65
307.75
307.65
307.15
307.15
307.45
306.95
306.55
306.45
306.35
306.05
305.85
305.95
305.95
305.65
305.35
305.15
305.35
304.95
304.55
304.65
304.75
304.55
304.55
304.35
304.25
304.15
304.05
303.95
303.85
303.65
303.45
303.35
303.15
302.95
302.85
302.85
302.65
302.55
302.45
302.35
302.25
302.15
302.05
302.05
301.95
301.85
301.85
301.75
301.75
301.75
301.65
301.65
301.55
301.45
301.45
301.45
301.45
301.55
301.45
301.35
301.35
301.35
301.35
301.35
301.35
301.35
301.35
301.25
301.25
301.15
301.15
301.15
301.05
300.95
300.85
300.75
300.75
300.65
300.65
300.55
300.55
300.55
300.45
300.45
300.35
300.25
300.15
300.15
300.15
300.05
300.05
299.95
299.85
299.75
299.65
299.65
299.55
299.65
299.65
299.55
299.45
299.45
299.45
299.45
299.35
299.35
299.35
299.35
299.05
298.65
298.45
298.25
298.15
298.25
298.35
298.35
298.45
298.65
298.65
298.65
298.65
298.55
298.45
298.55
298.45
298.45
298.35
298.25
298.05
298.05
298.05
297.95
297.95
297.85
297.95
297.85
297.75
297.85
297.85
297.85
297.85
297.75
297.75
297.65
297.55
297.45
297.25
297.45
297.45
297.35
297.35
297.25
297.25
297.35
297.25
297.25
297.15
297.05
296.95
296.95
297.05
297.15
296.85
296.95
296.85
296.95
296.95
296.95
297.05
297.05
297.05
297.15
297.05
297.15
297.15
297.15
297.05
296.95
296.85
296.75
296.65
296.35
296.65
296.65
296.55
296.65
296.65
296.75
296.85
296.95
297.05
297.25
297.45
297.65
297.65
297.65
297.55
297.85
297.85
298.05
298.25
298.45
298.15
298.55
298.55
298.55
298.85
299.35
299.65
299.95
299.85
299.85
300.05
300.05
300.05
300.05
300.25
300.65
300.65
301.15
301.25
301.15
301.75
302.15
302.45
302.65
302.75
303.05
302.75
303.65
303.75
303.85
303.75
304.35
304.75
305.05
305.35
305.45
305.55
305.65
305.85
305.95
306.25
306.45
306.65
307.15
307.15
307.45
307.65
307.95
308.05
307.85
308.05
307.45
307.65
307.85
308.25
308.35
308.05
308.45
308.55
309.35
309.25
309.75
309.25
309.45
309.15
308.65
308.85
308.75
308.85
308.05
307.55
307.75
307.65
308.15
308.25
308.05
307.95
307.55
307.15
306.95
307.05
306.75
306.45
306.35
306.45
306.65
306.55
306.75
306.85
306.65
306.55
306.25
306.15
306.05
306.05
305.65
305.65
305.45
305.05
304.95
304.65
304.95
304.55
304.55
304.35
304.35
304.25
304.15
303.95
303.85
303.75
303.65
303.45
303.25
303.15
303.05
302.95
302.85
302.75
302.65
302.55
302.45
302.35
302.25
302.25
302.15
302.05
302.05
301.95
301.85
301.75
301.65
301.65
301.55
301.55
301.45
301.45
301.45
301.35
301.25
301.25
301.25
301.15
301.05
301.05
301.05
301.05
301.05
301.05
300.95
300.95
300.85
300.75
300.65
300.55
300.55
300.45
300.45
300.35
300.35
300.25
300.15
300.15
300.05
299.95
299.95
299.95
300.05
300.05
299.95
299.95
299.95
299.85
299.75
299.75
299.75
299.75
299.75
299.75
299.75
299.75
299.65
299.65
299.55
299.45
299.35
299.35
299.25
299.15
299.15
299.05
299.05
299.05
299.05
299.05
299.15
299.05
299.05
298.95
298.95
299.05
298.95
298.85
298.75
298.65
298.65
298.65
298.55
298.45
298.35
298.35
298.45
298.45
298.35
298.35
298.35
298.35
298.25
298.25
298.15
298.15
298.15
298.15
298.15
298.05
298.05
298.05
297.95
297.85
297.85
297.85
297.95
297.65
297.85
297.75
297.65
297.65
297.65
297.65
297.65
297.55
297.65
297.55
297.25
297.35
297.45
297.55
297.65
297.65
297.65
297.65
297.55
297.25
297.25
297.15
296.95
296.35
297.05
296.95
296.65
296.65
296.65
296.95
296.75
297.05
296.65
296.65
296.05
296.45
296.55
296.65
296.85
296.95
296.85
296.85
296.85
296.95
297.05
297.05
297.05
297.35
297.45
297.15
297.85
298.25
298.25
298.05
298.35
298.45
298.65
298.95
299.05
298.75
299.05
299.25
299.35
299.55
299.85
299.95
300.45
300.45
300.85
301.35
301.75
301.75
301.95
302.25
302.85
303.55
303.85
303.75
303.65
303.75
303.65
303.85
304.15
304.95
304.85
305.05
305.65
306.15
306.65
306.85
306.95
307.05
306.75
307.25
306.85
306.55
306.65
306.85
307.55
307.75
307.25
307.25
307.65
308.55
308.15
308.25
307.75
307.85
307.95
307.45
307.95
308.25
307.95
307.15
307.25
307.55
307.25
306.85
306.75
306.85
306.95
307.05
306.65
306.55
306.75
306.55
306.75
306.75
306.85
306.45
306.55
306.65
306.45
306.55
306.35
306.25
306.15
306.65
306.15
305.65
305.95
305.85
305.75
305.45
305.35
305.35
305.45
305.65
305.55
305.55
305.25
305.35
305.35
305.35
305.25
305.45
305.25
304.75
304.95
304.85
304.95
304.95
304.65
304.75
304.85
304.65
304.15
304.25
304.05
303.75
303.55
303.55
303.45
303.05
302.85
302.65
302.55
302.45
302.35
302.25
302.05
302.05
302.05
302.15
302.25
302.25
302.25
302.25
302.25
302.15
302.15
302.05
302.05
302.05
301.95
301.85
301.75
301.65
301.55
301.55
301.65
301.65
301.65
301.55
301.45
301.45
301.35
301.35
301.35
301.35
301.25
301.25
301.15
301.15
301.05
301.05
300.95
300.85
300.85
300.95
300.95
300.85
300.85
300.85
300.75
300.65
300.75
300.65
300.65
300.55
300.35
300.35
300.45
300.45
300.45
300.15
300.35
300.15
300.05
300.05
299.95
299.85
299.85
299.85
299.85
299.85
299.95
299.95
299.75
299.75
299.75
299.85
299.95
299.95
299.95
299.95
299.85
299.85
299.85
299.95
299.95
299.95
299.95
299.75
299.65
299.65
299.55
299.25
299.35
299.35
299.35
299.25
299.15
299.05
298.95
298.75
298.55
298.35
298.45
298.35
298.25
298.15
298.15
298.05
298.05
298.05
298.05
297.95
297.85
297.85
297.85
297.55
297.65
297.65
297.55
297.45
297.35
297.25
297.25
297.15
297.15
297.15
297.15
297.15
297.25
297.25
297.25
297.35
297.35
297.35
297.35
297.45
297.25
297.25
297.35
297.25
297.15
297.15
297.15
297.05
296.85
296.75
296.85
296.95
297.15
297.25
297.35
297.35
297.25
297.25
297.55
297.65
297.95
298.25
298.65
298.85
299.25
298.95
298.55
299.45
299.45
299.95
300.15
300.15
300.15
300.35
300.85
301.15
300.95
301.45
301.55
301.45
301.35
301.55
301.55
301.95
301.85
302.35
302.25
302.65
302.95
302.75
302.75
303.35
303.45
303.25
303.65
304.15
304.65
305.05
305.05
305.25
305.05
305.25
305.25
305.25
304.45
304.85
305.45
305.85
305.85
306.15
305.95
306.25
307.05
307.05
307.35
307.65
307.45
308.15
307.75
307.65
307.75
307.05
307.25
307.55
307.75
306.85
307.05
307.15
307.35
307.75
307.45
307.35
306.55
306.65
307.05
306.95
306.35
306.25
306.45
306.65
306.35
306.25
306.65
307.15
306.95
306.75
306.45
306.45
306.45
306.85
306.25
306.15
306.35
305.95
306.05
306.35
306.35
305.95
305.65
305.75
305.95
305.85
305.85
305.75
305.55
305.55
305.55
305.45
305.45
305.35
305.55
305.45
305.15
305.05
304.85
304.95
304.75
304.55
304.45
304.15
303.95
303.95
303.75
303.55
303.45
303.35
303.25
303.25
303.15
303.05
302.95
302.95
302.85
302.75
302.65
302.65
302.65
302.55
302.55
302.55
302.35
302.35
302.35
302.25
302.25
302.15
302.05
301.95
301.95
301.85
301.75
301.75
301.65
301.65
301.55
301.55
301.55
301.55
301.45
301.35
301.35
301.35
301.35
301.25
301.25
301.25
301.15
301.25
301.25
301.25
301.35
301.25
301.25
301.25
301.35
301.35
301.25
301.15
301.15
301.05
300.95
300.95
300.85
300.65
300.55
300.35
300.25
300.25
300.15
300.25
300.25
300.45
300.35
300.35
300.15
300.05
300.45
300.55
300.55
300.45
300.25
300.15
300.05
299.75
299.65
299.55
299.55
299.55
299.55
299.55
299.55
299.45
299.35
299.35
299.35
299.25
299.25
299.25
299.25
299.15
299.15
298.95
298.95
298.85
298.85
298.85
298.45
298.75
298.75
298.65
298.55
298.45
298.45
298.45
298.45
298.55
298.45
298.35
298.35
298.25
298.25
298.25
298.25
298.25
298.15
298.15
298.15
298.35
298.55
298.65
298.65
298.65
298.75
298.65
298.55
298.55
298.55
298.55
298.55
298.55
298.45
298.65
298.65
298.55
298.45
298.35
298.05
298.25
298.15
298.15
298.05
297.85
297.75
298.15
298.25
298.25
298.15
298.15
297.75
298.05
298.05
298.05
297.95
297.65
297.85
297.85
298.05
298.15
298.15
298.25
298.35
298.55
298.65
298.85
298.75
299.35
299.35
299.55
299.95
299.85
299.85
300.15
300.55
300.65
301.15
301.15
301.55
302.15
302.65
302.25
302.45
302.55
302.85
303.15
303.85
303.95
303.95
304.35
304.75
304.65
305.05
305.15
305.25
305.55
305.95
306.25
306.05
306.35
306.35
306.65
306.75
306.75
306.85
307.15
307.45
307.35
307.75
308.05
308.15
308.15
308.15
308.15
308.25
308.75
308.75
308.55
308.95
309.25
309.35
309.45
309.35
309.35
309.95
309.65
309.75
309.75
310.15
310.55
310.95
311.15
311.25
311.05
310.85
310.95
310.35
309.75
309.65
309.35
308.95
309.35
308.75
309.35
309.15
309.15
309.15
308.95
308.75
308.95
308.75
308.55
308.45
308.45
308.45
308.55
308.35
308.35
307.65
307.65
307.65
307.65
307.75
307.35
307.45
307.25
307.25
307.45
307.35
307.35
307.85
307.85
307.75
307.35
307.25
307.15
306.85
306.55
305.75
305.55
305.75
305.85
305.65
305.25
305.05
304.75
304.55
304.35
304.15
303.95
303.85
303.75
303.65
303.55
303.45
303.45
303.35
303.25
303.25
303.25
303.25
303.15
303.15
303.05
303.05
302.95
302.95
302.85
302.85
302.75
302.75
302.65
302.45
302.35
302.25
302.25
302.25
302.35
302.35
302.35
302.35
302.15
301.95
301.75
301.65
301.65
301.65
301.65
301.45
301.35
301.35
301.55
301.55
301.55
301.45
301.45
301.35
301.25
301.25
301.25
301.15
301.15
301.25
301.25
301.25
301.25
301.15
301.45
301.65
301.55
301.35
301.55
301.65
301.65
301.55
301.45
301.25
301.15
300.95
300.85
300.45
300.15
300.05
299.95
299.85
299.75
299.75
299.75
299.75
299.95
300.15
300.15
300.25
300.55
300.65
300.45
300.35
300.15
300.05
299.85
299.75
299.55
299.45
299.15
299.05
299.05
299.05
299.05
299.15
299.15
299.15
299.35
299.45
299.35
299.45
299.45
299.35
299.35
299.35
299.55
299.75
299.85
299.85
299.65
299.65
299.55
299.55
299.75
299.65
299.45
299.35
299.05
298.85
298.45
298.55
298.35
298.25
298.35
298.25
298.35
298.35
298.35
298.45
298.45
298.55
298.55
298.25
298.45
298.35
298.05
298.15
297.95
297.85
297.65
297.85
298.15
298.35
298.25
298.15
297.95
298.45
299.15
299.45
299.65
299.75
299.95
300.05
300.05
299.95
300.05
300.35
300.65
300.85
301.05
301.45
301.55
301.55
301.65
301.55
301.75
301.95
302.05
302.55
302.75
302.75
302.85
302.95
303.35
303.55
304.05
304.45
304.45
304.45
304.65
304.75
304.95
305.15
305.55
305.85
305.25
305.85
305.75
306.05
306.25
306.85
306.85
306.85
306.85
307.05
307.35
307.35
307.55
307.85
307.95
308.25
308.35
308.15
308.25
308.35
308.65
308.75
308.85
309.35
308.95
308.75
308.65
308.65
308.85
308.95
309.55
309.95
309.55
309.65
310.05
309.85
309.95
309.95
309.95
310.35
310.55
310.45
310.45
310.25
310.85
310.95
311.25
311.25
311.15
311.05
310.95
310.85
311.25
311.05
311.15
311.15
310.85
310.95
310.45
310.35
310.15
309.85
309.45
309.35
309.25
308.85
308.45
307.85
308.15
307.75
307.65
308.15
308.75
308.75
308.35
308.05
307.65
307.75
307.45
307.35
307.25
307.05
306.55
306.55
306.55
306.35
306.15
305.85
305.45
305.15
305.05
304.95
304.85
304.65
304.45
304.35
304.25
304.15
304.05
303.75
303.55
303.45
303.35
303.35
303.35
303.25
303.15
303.15
303.15
303.15
303.05
303.05
302.95
302.85
302.75
302.65
302.75
302.75
302.75
302.65
302.65
302.55
302.55
302.65
302.55
302.55
302.45
302.35
302.25
302.25
302.35
302.35
302.35
302.25
302.15
302.05
301.95
301.95
301.85
301.85
301.85
301.95
301.85
301.85
301.85
301.85
301.85
301.85
301.85
301.65
301.45
301.35
301.15
301.15
301.15
300.95
300.95
300.95
300.85
300.65
300.65
300.75
300.85
300.75
300.65
300.65
300.55
300.45
300.45
300.45
300.45
300.35
300.25
300.25
300.15
300.25
300.35
300.35
300.25
299.95
299.75
299.75
299.55
299.45
299.55
299.45
299.35
299.25
299.25
299.35
299.15
299.25
299.15
299.05
298.95
298.85
298.75
298.95
299.45
299.85
300.05
300.05
300.05
299.95
299.75
299.65
299.65
299.45
299.45
299.15
298.95
298.85
298.75
298.75
298.95
298.75
298.55
298.45
298.35
298.45
298.35
298.35
298.45
298.35
298.25
298.05
298.05
298.15
298.25
298.25
298.25
298.25
298.15
298.15
298.15
298.15
298.25
298.15
298.25
298.25
298.25
298.15
298.25
298.25
298.25
298.25
298.15
298.15
298.05
298.15
298.15
298.05
297.95
297.85
297.85
298.15
298.15
298.25
298.55
298.75
299.35
299.45
299.65
299.95
300.25
300.25
300.35
300.45
300.45
300.75
301.15
301.45
302.15
302.35
302.25
301.95
302.25
302.75
302.95
303.05
303.35
303.55
303.75
304.05
304.35
304.75
304.85
304.75
305.05
305.45
305.75
305.75
306.05
306.35
306.25
306.75
307.35
307.15
306.95
307.25
307.45
307.15
307.25
307.55
307.55
307.85
308.25
308.45
308.45
308.25
308.15
308.45
308.45
308.65
308.35
308.85
309.15
308.95
309.05
308.85
308.95
309.45
309.75
309.95
310.15
309.85
309.85
310.35
310.45
310.75
311.05
310.75
310.35
310.65
310.75
310.15
310.25
310.65
310.35
310.15
309.95
309.95
310.05
309.65
309.55
309.45
309.55
309.25
309.25
308.35
308.15
307.55
307.45
307.25
307.25
307.45
307.55
307.35
307.35
307.55
307.65
307.45
307.45
307.55
307.45
307.25
306.95
306.75
306.75
306.85
306.95
306.95
306.95
306.75
306.05
305.75
305.55
305.55
305.35
305.25
305.25
305.15
305.05
304.65
304.35
304.25
304.05
303.95
303.85
303.85
303.75
303.65
303.65
303.65
303.55
303.45
303.45
303.45
303.35
303.25
303.35
303.25
303.15
303.15
303.05
303.05
303.05
303.05
302.95
302.85
302.85
302.75
302.85
302.75
302.65
302.55
302.55
302.45
302.55
302.55
302.45
302.45
302.45
302.45
302.35
302.25
302.25
302.15
302.05
301.95
301.95
301.95
301.95
301.85
301.85
301.75
301.75
301.75
301.65
301.65
301.55
301.45
301.35
301.25
301.05
300.95
300.85
300.85
300.95
300.95
300.95
300.85
300.85
300.65
300.45
300.35
300.25
300.15
300.45
300.45
300.25
300.25
300.45
300.35
300.25
300.15
300.45
300.55
300.75
300.75
300.65
300.55
300.55
300.45
300.45
300.35
300.15
300.05
300.15
300.35
300.55
300.45
300.55
300.55
300.65
300.75
300.65
300.65
300.45
300.35
300.15
300.05
299.85
299.55
299.35
299.55
299.45
299.35
299.25
299.25
299.35
299.45
299.55
299.55
299.45
299.35
299.05
298.85
298.55
298.45
298.35
298.55
298.65
298.75
299.05
299.15
299.15
298.95
298.85
298.75
298.65
298.55
298.35
298.25
298.25
298.15
298.05
297.95
297.75
297.75
297.95
298.15
298.55
298.65
298.75
298.65
298.65
299.05
299.35
299.95
300.05
299.95
300.15
300.35
300.45
300.65
300.85
301.05
301.35
301.65
301.95
302.25
302.35
302.35
302.55
302.65
302.75
303.05
303.05
303.45
303.45
303.65
303.75
303.75
303.65
303.65
303.75
303.95
304.25
304.25
304.45
304.15
304.55
305.15
305.25
305.45
305.95
305.75
305.75
305.85
306.15
306.55
306.65
306.75
306.95
307.05
307.15
307.45
307.55
307.75
308.05
308.45
308.45
308.75
308.65
308.65
309.05
309.45
309.65
309.55
309.55
309.75
310.05
310.05
309.85
310.05
310.05
310.45
310.55
310.75
310.25
310.35
310.15
309.95
310.25
310.15
310.05
309.85
310.35
310.05
310.05
309.95
309.35
309.15
309.55
309.95
309.95
309.95
309.25
308.65
307.25
306.95
307.15
307.15
307.25
306.95
307.15
307.45
307.55
307.55
307.55
307.55
307.35
307.25
307.35
307.55
307.75
307.65
307.55
307.65
307.55
307.25
307.15
306.85
306.85
306.65
306.45
306.35
306.05
305.95
305.85
305.85
305.65
305.25
305.25
305.05
304.85
304.75
304.95
304.85
304.55
304.45
304.25
304.05
303.85
303.65
303.45
303.35
303.25
303.15
303.05
302.95
302.95
302.85
302.85
302.75
302.75
302.85
302.95
302.95
302.95
302.95
302.85
302.75
302.65
302.55
302.55
302.45
302.45
302.35
302.25
302.25
302.15
302.05
301.95
301.95
301.95
301.95
301.85
301.75
301.75
301.95
301.85
301.85
301.75
302.05
302.15
301.85
301.85
301.85
301.75
301.75
301.65
301.55
301.45
301.55
301.85
301.85
301.85
301.85
301.75
301.65
301.55
301.65
301.55
301.45
301.45
301.45
301.45
301.25
301.25
301.25
301.15
301.15
301.15
301.25
301.35
301.35
301.15
300.95
300.85
300.85
300.75
300.65
300.55
300.35
300.25
300.25
300.25
300.15
300.05
299.85
299.75
299.75
299.55
299.45
299.35
299.35
299.15
299.05
299.05
299.05
299.15
299.05
299.05
298.95
298.95
298.95
299.05
298.95
298.75
298.85
298.85
298.85
298.85
299.05
299.15
299.05
299.15
299.25
299.35
299.55
299.45
299.15
298.95
299.05
298.95
298.85
298.95
299.15
299.55
299.65
299.85
300.15
300.15
300.55
300.65
300.65
300.55
300.45
300.25
300.15
299.85
299.75
299.85
299.95
300.05
300.15
299.85
300.15
300.15
299.95
299.95
299.95
300.25
300.25
300.35
300.25
300.15
300.15
300.05
300.45
300.55
300.75
300.85
300.95
300.85
300.95
301.05
301.15
301.25
301.35
301.55
301.65
301.85
301.95
302.15
302.35
302.55
302.65
302.75
302.95
303.15
303.35
303.25
303.35
303.55
303.95
303.95
304.35
304.35
304.35
304.65
304.65
305.05
305.15
305.15
305.35
305.25
305.55
306.05
306.15
306.15
306.25
306.55
306.85
307.05
307.25
307.95
307.65
307.45
307.65
308.15
308.05
307.85
308.15
308.25
308.25
308.25
308.35
308.95
309.65
309.25
308.95
309.35
309.35
309.45
309.25
309.85
309.45
309.45
309.45
309.55
310.05
310.05
310.15
309.85
310.05
310.45
310.75
310.55
310.45
310.45
310.75
310.65
311.35
312.05
311.35
310.15
309.45
309.95
309.85
309.85
309.75
309.25
309.45
308.95
308.45
308.45
308.15
308.05
307.95
308.25
308.25
308.35
308.25
308.25
308.25
307.95
307.45
307.45
307.35
307.35
307.35
307.55
307.65
307.55
307.35
307.35
307.55
307.05
306.65
306.35
306.25
306.15
306.05
305.95
305.75
305.55
305.25
304.85
304.55
304.35
304.15
304.05
303.95
303.75
303.65
303.55
303.45
303.45
303.35
303.35
303.35
303.25
303.25
303.15
303.05
303.05
303.05
302.95
302.85
302.85
302.75
302.75
302.75
302.65
302.65
302.55
302.55
302.55
302.55
302.55
302.55
302.45
302.35
302.35
302.35
302.45
302.55
302.55
302.65
302.65
302.45
302.45
302.25
302.15
302.05
302.05
301.95
301.95
301.95
301.95
301.95
301.95
302.15
302.05
301.95
301.85
301.55
301.35
301.15
301.15
301.15
301.05
300.95
300.85
300.85
300.55
300.55
300.55
300.55
300.45
300.35
300.45
300.55
300.45
300.15
299.85
299.75
299.75
300.15
300.35
300.35
300.35
300.15
300.05
300.25
300.35
300.05
299.85
299.85
299.95
300.25
300.25
300.25
300.25
300.15
300.35
300.05
300.05
299.95
299.75
299.65
299.65
299.65
299.55
299.65
299.65
299.55
299.45
299.65
299.75
299.75
299.75
299.65
299.75
299.85
300.05
300.15
299.95
299.65
299.95
300.05
300.15
300.05
299.85
300.15
300.15
299.75
299.95
300.05
299.85
299.95
299.85
299.85
299.85
299.95
299.55
299.85
299.75
299.65
299.65
299.75
299.45
299.55
299.85
299.95
299.95
299.65
299.45
299.35
299.75
299.75
299.65
299.55
299.45
299.55
299.45
299.95
299.85
299.85
299.85
300.05
300.15
299.95
300.15
300.85
300.95
300.85
301.25
301.15
301.65
301.45
301.95
302.15
302.25
302.35
302.35
302.75
303.05
303.15
302.95
303.85
303.85
304.05
304.25
304.65
304.85
304.35
305.35
305.05
304.85
305.25
305.35
305.35
305.65
305.75
305.85
306.35
306.45
306.45
307.05
306.85
306.95
307.15
307.55
307.55
307.75
307.65
307.85
307.95
308.55
308.65
308.85
308.95
308.95
309.15
308.85
309.35
309.25
309.35
309.35
309.35
309.65
309.45
309.65
309.55
309.75
310.55
310.35
310.25
310.05
309.95
310.25
310.45
310.45
310.25
310.25
310.85
310.75
310.95
310.65
310.45
310.75
311.05
310.95
311.05
311.15
310.95
310.65
310.95
310.85
310.95
310.85
310.85
310.75
310.45
310.75
310.65
310.55
309.85
309.75
309.75
309.65
309.65
310.15
309.85
309.75
309.65
309.85
309.65
309.55
309.95
310.05
309.65
308.35
307.85
307.75
306.65
306.55
306.55
306.25
305.85
305.45
305.15
304.95
304.95
304.55
304.35
304.25
304.05
303.85
303.85
303.85
303.65
303.55
303.55
303.45
303.35
303.25
303.25
303.15
303.05
303.15
303.15
303.05
302.95
302.85
302.85
302.85
302.85
302.85
302.75
302.85
302.85
302.85
302.75
302.55
302.35
302.25
302.15
302.15
302.25
302.15
301.95
301.85
301.75
301.75
301.65
301.65
301.55
301.55
301.65
301.45
301.35
301.25
301.25
301.25
301.25
301.25
301.05
301.05
300.95
300.85
300.85
300.85
300.65
300.55
300.45
300.35
300.35
300.25
300.15
300.15
300.05
299.85
299.75
299.55
299.55
299.55
299.55
299.45
299.55
299.55
299.45
299.35
299.15
299.15
299.05
299.35
298.95
298.95
298.85
298.85
298.75
298.65
298.55
298.35
298.25
298.25
298.35
298.45
298.45
298.35
298.25
298.05
297.85
297.75
297.55
297.55
297.45
297.25
296.85
296.65
296.75
297.35
297.75
297.85
298.15
298.15
297.85
297.95
297.85
297.75
297.35
297.05
296.95
297.05
297.25
297.35
297.55
297.85
297.95
298.15
298.45
298.45
298.05
297.85
297.75
297.65
297.65
297.55
297.35
297.15
297.05
297.05
297.35
297.15
297.45
297.45
297.55
297.45
297.25
297.15
296.95
296.95
296.85
296.55
296.85
296.75
296.65
296.15
296.55
296.45
296.95
297.05
297.75
298.35
298.95
299.55
299.95
300.35
300.45
300.75
300.85
300.95
301.25
301.65
301.75
301.55
301.85
301.95
302.25
302.65
302.75
303.15
303.05
303.15
303.65
303.75
303.55
304.05
304.35
304.55
304.25
304.95
305.15
305.15
305.05
305.25
305.55
305.95
306.15
306.35
306.55
306.55
306.35
306.65
306.75
307.05
307.35
307.15
307.15
307.45
307.85
308.15
307.85
307.85
308.65
308.55
308.45
308.85
308.55
308.95
309.35
309.25
309.15
309.05
309.55
309.65
309.25
309.15
309.35
309.75
309.65
309.75
309.95
310.35
310.15
310.45
310.75
310.25
310.45
310.55
310.55
310.45
310.55
311.15
311.65
312.35
312.55
312.55
312.45
311.55
311.35
310.85
310.95
310.55
310.05
309.95
309.75
309.55
309.35
309.25
308.65
307.85
308.05
308.15
308.45
308.35
308.55
308.75
308.65
308.55
308.55
308.35
308.15
307.95
307.75
307.75
307.95
307.85
307.65
307.75
307.25
306.85
306.55
306.35
305.95
305.35
305.05
304.95
304.75
304.65
304.45
304.35
303.95
303.65
303.45
303.45
303.45
303.35
303.25
303.25
303.25
303.15
303.15
303.05
302.85
302.85
302.75
302.65
302.65
302.65
302.55
302.45
302.45
302.35
302.45
302.35
302.15
302.05
301.95
301.85
301.95
301.95
302.05
301.95
301.85
301.85
301.85
301.85
301.45
301.25
301.25
301.25
301.65
301.75
301.85
301.65
301.45
301.25
301.05
300.95
301.15
300.85
300.75
300.85
300.85
300.85
300.75
300.65
300.45
300.35
300.25
300.15
300.05
300.25
300.35
300.35
300.05
299.95
299.75
299.55
299.35
299.15
299.15
299.25
299.05
298.95
299.05
299.05
299.25
299.35
299.35
299.35
299.25
299.35
299.25
299.05
298.95
298.85
298.95
299.05
299.05
299.05
298.95
298.85
298.75
298.55
298.35
298.25
298.15
298.15
298.25
298.15
298.05
297.95
297.85
297.75
297.75
297.55
297.45
297.45
297.55
297.55
297.55
297.55
297.45
297.35
297.35
297.25
297.25
297.25
297.15
297.05
296.95
296.75
297.05
297.15
297.25
297.25
296.95
297.05
296.65
296.75
296.85
296.95
296.85
296.85
296.55
297.15
297.15
297.05
296.95
296.65
296.45
296.65
297.15
297.05
296.85
296.55
296.25
296.05
295.85
295.65
295.85
295.75
295.55
295.75
295.85
295.95
296.35
296.65
296.75
296.95
296.85
297.25
297.55
298.05
298.95
300.35
300.05
299.65
299.85
300.05
300.15
300.35
300.65
301.05
301.45
301.35
301.55
301.45
301.55
301.85
302.55
302.55
302.55
302.95
302.85
303.45
303.95
304.05
303.85
304.05
304.55
304.75
305.15
305.15
305.35
305.45
305.35
305.65
305.95
306.15
306.25
306.25
306.65
306.85
306.95
306.85
306.95
307.05
307.45
307.45
307.65
308.15
308.05
308.25
307.85
308.35
308.95
308.85
309.05
308.95
308.75
308.65
308.75
308.65
309.05
309.65
309.55
309.55
309.95
310.35
309.85
309.55
309.85
310.45
310.55
310.45
309.65
309.35
309.15
309.15
308.75
308.45
308.75
308.65
308.65
309.05
308.45
308.15
308.35
308.25
308.25
308.15
307.85
307.85
308.05
307.75
307.65
307.65
307.75
307.65
307.45
307.15
307.05
307.15
306.85
306.95
306.75
306.85
306.65
306.55
306.55
306.35
306.15
306.15
305.95
306.05
305.85
305.95
305.95
305.85
305.75
305.75
305.55
305.45
305.05
304.75
304.55
304.35
303.95
303.75
303.65
303.45
303.35
303.25
303.15
303.05
302.95
302.95
302.85
302.85
302.85
302.85
302.85
302.75
302.65
302.65
302.65
302.65
302.55
302.55
302.55
302.45
302.45
302.45
302.45
302.45
302.45
302.35
302.25
302.35
302.35
302.35
302.25
302.25
302.05
301.95
301.95
301.95
302.05
302.05
302.05
302.05
301.95
301.85
301.75
301.65
301.55
301.45
301.35
301.25
301.45
301.45
301.45
301.45
301.65
301.65
301.55
301.55
301.55
301.55
301.55
301.45
301.35
301.35
301.35
301.35
301.35
301.35
301.45
301.35
301.35
301.35
301.25
300.95
301.05
300.95
300.95
300.85
300.65
300.55
300.55
300.65
300.95
301.25
301.25
301.15
301.05
301.15
301.05
300.65
300.45
299.85
299.75
299.85
299.95
299.85
299.75
299.55
299.35
299.55
299.15
299.25
299.15
299.15
299.15
299.05
298.75
298.55
298.45
298.55
298.65
298.65
298.45
298.75
298.65
298.65
298.75
298.85
298.85
298.75
298.85
298.95
299.05
298.95
298.85
298.65
298.65
298.65
298.55
298.45
298.45
298.45
298.55
298.55
298.55
298.55
298.55
298.55
298.55
298.55
298.55
298.65
298.65
298.55
298.45
298.25
298.05
298.05
298.15
298.15
298.05
297.75
297.75
297.75
298.05
298.15
298.35
298.45
298.65
298.85
298.65
298.95
299.05
299.15
299.15
299.35
299.35
299.15
299.65
299.75
300.05
300.45
300.85
301.05
301.05
301.45
301.45
302.15
302.15
301.95
302.35
302.65
303.15
303.35
303.15
303.55
303.85
303.75
303.15
303.35
303.55
303.25
303.45
303.65
303.55
303.95
304.25
303.85
304.35
305.55
305.75
305.75
305.65
305.95
307.05
307.45
307.45
306.75
306.85
306.45
306.25
306.85
307.95
307.45
307.15
306.95
307.15
307.25
307.15
307.45
308.25
308.85
309.25
309.45
309.15
309.05
309.25
309.65
309.65
309.25
309.65
309.55
309.15
308.85
308.95
309.45
309.35
309.25
308.85
308.95
309.35
309.35
309.15
308.75
308.75
308.25
308.75
309.05
308.95
308.75
308.95
308.55
308.25
308.45
308.15
308.75
309.05
308.85
308.65
308.25
308.05
307.35
307.15
307.15
306.65
306.65
306.35
306.15
306.45
306.25
306.05
305.95
306.15
305.55
305.25
305.35
305.25
305.15
305.05
304.85
304.65
304.55
304.65
304.55
304.15
303.75
303.75
303.65
303.55
303.55
303.65
303.65
303.55
303.35
303.45
303.45
303.25
303.05
302.95
302.85
302.75
302.65
302.55
302.55
302.45
302.35
302.35
302.25
302.25
302.25
302.15
302.15
302.25
302.25
302.15
302.05
302.05
301.95
302.05
301.95
301.95
302.05
301.95
301.85
301.75
301.75
301.65
301.75
301.65
301.65
301.55
301.45
301.35
301.15
300.95
300.85
300.95
300.95
300.95
300.75
300.65
300.75
300.65
300.45
300.35
300.25
300.25
300.25
300.55
300.65
300.65
300.55
300.45
300.45
300.35
300.35
300.25
300.35
300.35
300.25
299.75
299.35
299.25
299.35
299.25
299.25
299.25
299.25
299.15
299.05
298.95
298.85
298.75
298.75
298.55
298.75
298.65
298.35
298.15
298.05
297.95
298.05
297.85
297.75
297.95
297.95
297.95
297.85
297.75
297.75
297.45
297.35
297.35
297.35
297.25
297.05
297.05
297.05
297.05
296.85
296.65
296.55
296.35
296.35
296.45
296.65
296.65
296.85
296.85