0.3720000000000003
0.3710000000000003
0.3720000000000003
0.3730000000000003
0.35100000000000026
0.33100000000000024
0.34300000000000025
0.43400000000000033
0.44200000000000034
0.44300000000000034
0.4200000000000003
0.4270000000000003
0.47300000000000036
0.47300000000000036
0.47100000000000036
0.46900000000000036
0.46900000000000036
0.47100000000000036
0.46900000000000036
0.43400000000000033
0.4010000000000003
0.3980000000000003
0.3930000000000003
0.4050000000000003
0.45700000000000035
0.47100000000000036
0.46700000000000036
0.46700000000000036
0.46700000000000036
0.46700000000000036
0.46800000000000036
0.47100000000000036
0.47000000000000036
0.47100000000000036
0.47000000000000036
0.46900000000000036
0.45500000000000035
0.45700000000000035
0.46700000000000036
0.46600000000000036
0.46500000000000036
0.46400000000000036
0.46500000000000036
0.46500000000000036
0.46600000000000036
0.46600000000000036
0.46400000000000036
0.45300000000000035
0.46200000000000035
0.46300000000000036
0.46600000000000036
0.46400000000000036
0.46500000000000036
0.47600000000000037
0.47700000000000037
0.47600000000000037
0.4890000000000004
0.4900000000000004
0.4910000000000004
0.4910000000000004
0.4980000000000004
0.4990000000000004
0.4990000000000004
0.4990000000000004
0.4980000000000004
0.4980000000000004
0.4990000000000004
0.4990000000000004
0.4990000000000004
0.4980000000000004
0.4990000000000004
0.4990000000000004
0.5000000000000003
0.5000000000000003
0.5000000000000003
0.4920000000000004
0.4920000000000004
0.4970000000000004
0.4990000000000004
0.4990000000000004
0.4990000000000004
0.4980000000000004
0.4990000000000004
0.4990000000000004
0.4970000000000004
0.4980000000000004
0.4980000000000004
0.4990000000000004
0.4980000000000004
0.4960000000000004
0.4950000000000004
0.4950000000000004
0.4950000000000004
0.4940000000000004
0.4960000000000004
0.4960000000000004
0.4950000000000004
0.4950000000000004
0.4940000000000004
0.4950000000000004
0.4940000000000004
0.4940000000000004
0.4940000000000004
0.4930000000000004
0.4920000000000004
0.4880000000000004
0.4890000000000004
0.4900000000000004
0.4860000000000004
0.4850000000000004
0.4870000000000004
0.4870000000000004
0.4880000000000004
0.4890000000000004
0.4880000000000004
0.4870000000000004
0.4890000000000004
0.4900000000000004
0.4900000000000004
0.4880000000000004
0.48100000000000037
0.4830000000000004
0.4840000000000004
0.48100000000000037
0.48100000000000037
0.48000000000000037
0.47800000000000037
0.47800000000000037
0.47700000000000037
0.47500000000000037
0.47500000000000037
0.47900000000000037
0.44700000000000034
0.43900000000000033
0.43900000000000033
0.4110000000000003
0.4120000000000003
0.4100000000000003
0.46800000000000036
0.46800000000000036
0.46700000000000036
0.47000000000000036
0.46800000000000036
0.46900000000000036
0.4050000000000003
0.4050000000000003
0.4170000000000003
0.44700000000000034
0.45300000000000035
0.4020000000000003
0.4030000000000003
0.4040000000000003
0.4030000000000003
0.4040000000000003
0.4110000000000003
0.4050000000000003
0.33400000000000024
0.33500000000000024
0.33400000000000024
0.33500000000000024
0.33100000000000024
0.33200000000000024
0.33300000000000024
0.33400000000000024
0.33400000000000024
0.33300000000000024
0.33400000000000024
0.33700000000000024
0.0
0.0
0.0
0.0
0.0
0.0
0.0
0.0
0.0
0.0
0.0
0.0
0.0
0.0
0.0
0.0
0.0
0.0
0.0
0.0
0.0
0.0
0.0
0.0
0.0
0.0
0.0
0.0
0.0
0.0
0.0
0.0
0.0
0.0
0.0
0.0
0.0
0.0
0.0
0.0
0.0
0.0
0.0
0.0
0.0
0.0
0.0
0.0
0.0
0.0
0.0
0.0
0.0
0.0
0.0
0.0
0.0
0.0
0.0
0.0
0.0
0.0
0.0
0.0
0.0
0.0
0.0
0.0
0.0
0.0
0.0
0.0
0.0
0.0
0.0
0.0
0.0
0.0
0.0
0.0
0.0
0.0
0.0
0.0
0.0
0.0
0.0
0.0
0.0
0.0
0.0
0.0
0.0
0.0
0.0
0.0
0.0
0.0
0.0
0.0
0.0
0.0
0.0
0.0
0.0
0.0
0.0
0.0
0.0
0.0
0.0
0.0
0.0
0.0
0.0
0.0
0.0
0.0
0.0
0.0
0.3740000000000003
0.3730000000000003
0.3700000000000003
0.3720000000000003
0.3730000000000003
0.35700000000000026
0.36900000000000027
0.36600000000000027
0.36500000000000027
0.3780000000000003
0.3780000000000003
0.3760000000000003
0.43800000000000033
0.44700000000000034
0.45300000000000035
0.45600000000000035
0.46000000000000035
0.46200000000000035
0.46200000000000035
0.46000000000000035
0.4170000000000003
0.3810000000000003
0.3920000000000003
0.4090000000000003
0.45700000000000035
0.45100000000000035
0.46300000000000036
0.46600000000000036
0.46700000000000036
0.46600000000000036
0.46500000000000036
0.46600000000000036
0.46500000000000036
0.46600000000000036
0.46800000000000036
0.46900000000000036
0.4840000000000004
0.4860000000000004
0.4850000000000004
0.4890000000000004
0.4840000000000004
0.4820000000000004
0.4830000000000004
0.4840000000000004
0.4830000000000004
0.4840000000000004
0.4860000000000004
0.4890000000000004
0.4930000000000004
0.4940000000000004
0.4940000000000004
0.4960000000000004
0.4880000000000004
0.4850000000000004
0.4850000000000004
0.4840000000000004
0.4870000000000004
0.4860000000000004
0.4850000000000004
0.47700000000000037
0.4890000000000004
0.4930000000000004
0.4910000000000004
0.4940000000000004
0.4930000000000004
0.4930000000000004
0.4870000000000004
0.4870000000000004
0.48100000000000037
0.4850000000000004
0.48100000000000037
0.48100000000000037
0.48100000000000037
0.4840000000000004
0.5030000000000003
0.5040000000000003
0.5000000000000003
0.4840000000000004
0.4890000000000004
0.4900000000000004
0.4980000000000004
0.4940000000000004
0.4970000000000004
0.5000000000000003
0.5010000000000003
0.4940000000000004
0.4840000000000004
0.4840000000000004
0.4870000000000004
0.4930000000000004
0.4880000000000004
0.4950000000000004
0.4940000000000004
0.5000000000000003
0.4990000000000004
0.4990000000000004
0.5030000000000003
0.5030000000000003
0.5010000000000003
0.5020000000000003
0.5010000000000003
0.4990000000000004
0.4850000000000004
0.4930000000000004
0.4980000000000004
0.4990000000000004
0.5000000000000003
0.4980000000000004
0.5010000000000003
0.5020000000000003
0.5000000000000003
0.4940000000000004
0.4970000000000004
0.4980000000000004
0.4970000000000004
0.4950000000000004
0.4860000000000004
0.4910000000000004
0.4880000000000004
0.47300000000000036
0.47700000000000037
0.47800000000000037
0.47300000000000036
0.46800000000000036
0.46300000000000036
0.46400000000000036
0.46700000000000036
0.46600000000000036
0.46200000000000035
0.46000000000000035
0.45900000000000035
0.45600000000000035
0.45800000000000035
0.45600000000000035
0.45400000000000035
0.45000000000000034
0.44600000000000034
0.44200000000000034
0.43600000000000033
0.4200000000000003
0.3910000000000003
0.3750000000000003
0.0
0.0
0.0
0.0
0.0
0.0
0.0
0.0
0.0
0.0
0.0
0.0
0.0
0.0
0.0
0.0
0.0
0.0
0.0
0.0
0.0
0.0
0.0
0.0
0.0
0.0
0.0
0.0
0.0
0.0
0.0
0.0
0.0
0.0
0.0
0.0
0.0
0.0
0.0
0.0
0.0
0.0
0.0
0.0
0.0
0.0
0.0
0.0
0.0
0.0
0.0
0.0
0.0
0.0
0.0
0.0
0.0
0.0
0.0
0.0
0.0
0.0
0.0
0.0
0.0
0.0
0.0
0.0
0.0
0.0
0.0
0.0
0.0
0.0
0.0
0.0
0.0
0.0
0.0
0.0
0.0
0.0
0.0
0.0
0.0
0.0
0.0
0.0
0.0
0.0
0.0
0.0
0.0
0.0
0.0
0.0
0.0
0.0
0.0
0.0
0.0
0.0
0.0
0.0
0.0
0.0
0.0
0.0
0.0
0.0
0.0
0.0
0.0
0.0
0.0
0.0
0.0
0.0
0.0
0.0
0.0
0.0
0.0
0.0
0.0
0.0
0.0
0.0
0.0
0.0
0.0
0.0
0.0
0.0
0.0
0.0
0.0
0.0
0.0
0.0
0.0
0.0
0.0
0.0
0.0
0.0
0.0
0.0
0.0
0.0
0.0
0.0
0.0
0.0
0.0
0.0
0.0
0.0
0.0
0.0
0.0
0.36500000000000027
0.3940000000000003
0.4050000000000003
0.4130000000000003
0.4200000000000003
0.4240000000000003
0.43600000000000033
0.43900000000000033
0.43800000000000033
0.44000000000000034
0.45400000000000035
0.45800000000000035
0.46200000000000035
0.46500000000000036
0.46700000000000036
0.46600000000000036
0.47100000000000036
0.47300000000000036
0.47500000000000037
0.47600000000000037
0.47800000000000037
0.47900000000000037
0.48000000000000037
0.48100000000000037
0.4830000000000004
0.4830000000000004
0.4830000000000004
0.46100000000000035
0.46600000000000036
0.46400000000000036
0.46500000000000036
0.46100000000000035
0.45900000000000035
0.46200000000000035
0.47900000000000037
0.4920000000000004
0.4920000000000004
0.4900000000000004
0.4910000000000004
0.4920000000000004
0.4950000000000004
0.4950000000000004
0.4950000000000004
0.4910000000000004
0.47400000000000037
0.48000000000000037
0.48000000000000037
0.47800000000000037
0.4930000000000004
0.4950000000000004
0.4880000000000004
0.4840000000000004
0.4910000000000004
0.4970000000000004
0.4970000000000004
0.4980000000000004
0.4860000000000004
0.4990000000000004
0.4950000000000004
0.4870000000000004
0.4960000000000004
0.4980000000000004
0.4990000000000004
0.4980000000000004
0.4980000000000004
0.4950000000000004
0.4990000000000004
0.5000000000000003
0.4980000000000004
0.4990000000000004
0.4980000000000004
0.4990000000000004
0.4980000000000004
0.4980000000000004
0.4980000000000004
0.4970000000000004
0.4980000000000004
0.4980000000000004
0.4960000000000004
0.4970000000000004
0.4980000000000004
0.4980000000000004
0.4970000000000004
0.4990000000000004
0.4990000000000004
0.4960000000000004
0.4930000000000004
0.4990000000000004
0.4940000000000004
0.4990000000000004
0.4980000000000004
0.5000000000000003
0.5000000000000003
0.4900000000000004
0.4890000000000004
0.4910000000000004
0.4960000000000004
0.4970000000000004
0.4970000000000004
0.4860000000000004
0.4950000000000004
0.4870000000000004
0.4900000000000004
0.4960000000000004
0.4970000000000004
0.4940000000000004
0.4940000000000004
0.4830000000000004
0.47600000000000037
0.4890000000000004
0.4860000000000004
0.47600000000000037
0.46300000000000036
0.47600000000000037
0.46800000000000036
0.47400000000000037
0.47900000000000037
0.47500000000000037
0.44800000000000034
0.44300000000000034
0.45900000000000035
0.45000000000000034
0.44200000000000034
0.44100000000000034
0.43600000000000033
0.43800000000000033
0.4250000000000003
0.4240000000000003
0.4170000000000003
0.3970000000000003
0.0
0.0
0.0
0.0
0.0
0.0
0.0
0.0
0.0
0.0
0.0
0.0
0.0
0.0
0.0
0.0
0.0
0.0
0.0
0.0
0.0
0.0
0.0
0.0
0.0
0.0
0.0
0.0
0.0
0.0
0.0
0.0
0.0
0.0
0.0
0.0
0.0
0.0
0.0
0.0
0.0
0.0
0.0
0.0
0.0
0.0
0.0
0.0
0.0
0.0
0.0
0.0
0.0
0.0
0.0
0.0
0.0
0.0
0.0
0.0
0.0
0.0
0.0
0.0
0.0
0.0
0.0
0.0
0.0
0.0
0.0
0.0
0.0
0.0
0.0
0.0
0.0
0.0
0.0
0.0
0.0
0.0
0.0
0.0
0.0
0.0
0.0
0.0
0.0
0.0
0.0
0.0
0.0
0.0
0.0
0.0
0.0
0.0
0.0
0.0
0.0
0.0
0.0
0.0
0.0
0.0
0.0
0.0
0.0
0.0
0.0
0.0
0.0
0.0
0.0
0.0
0.0
0.0
0.0
0.0
0.0
0.0
0.0
0.0
0.0
0.0
0.0
0.0
0.0
0.0
0.0
0.0
0.0
0.0
0.0
0.0
0.0
0.0
0.0
0.0
0.0
0.0
0.0
0.0
0.0
0.0
0.0
0.0
0.0
0.0
0.0
0.0
0.0
0.0
0.0
0.0
0.0
0.33600000000000024
0.3860000000000003
0.4050000000000003
0.4150000000000003
0.4170000000000003
0.4220000000000003
0.4300000000000003
0.43700000000000033
0.44100000000000034
0.44500000000000034
0.44900000000000034
0.45200000000000035
0.45400000000000035
0.45700000000000035
0.46000000000000035
0.46300000000000036
0.46300000000000036
0.46700000000000036
0.46900000000000036
0.47000000000000036
0.47200000000000036
0.47400000000000037
0.47500000000000037
0.47500000000000037
0.47600000000000037
0.47800000000000037
0.47900000000000037
0.47900000000000037
0.45700000000000035
0.45400000000000035
0.45500000000000035
0.45500000000000035
0.45600000000000035
0.45700000000000035
0.45900000000000035
0.4830000000000004
0.4870000000000004
0.4880000000000004
0.4860000000000004
0.4890000000000004
0.4890000000000004
0.4860000000000004
0.4900000000000004
0.47900000000000037
0.4840000000000004
0.46700000000000036
0.47900000000000037
0.4860000000000004
0.47300000000000036
0.4860000000000004
0.4920000000000004
0.4850000000000004
0.47900000000000037
0.4890000000000004
0.4940000000000004
0.4950000000000004
0.4950000000000004
0.4950000000000004
0.4940000000000004
0.4950000000000004
0.4940000000000004
0.4950000000000004
0.4960000000000004
0.4950000000000004
0.4930000000000004
0.4860000000000004
0.4850000000000004
0.47200000000000036
0.4880000000000004
0.4930000000000004
0.4940000000000004
0.4930000000000004
0.4940000000000004
0.4950000000000004
0.4940000000000004
0.4930000000000004
0.4930000000000004
0.4930000000000004
0.4940000000000004
0.4940000000000004
0.4950000000000004
0.4950000000000004
0.4950000000000004
0.4960000000000004
0.4950000000000004
0.4960000000000004
0.4960000000000004
0.4950000000000004
0.4940000000000004
0.4950000000000004
0.4950000000000004
0.4950000000000004
0.4950000000000004
0.4940000000000004
0.4930000000000004
0.4920000000000004
0.4930000000000004
0.4920000000000004
0.4920000000000004
0.4910000000000004
0.4900000000000004
0.4890000000000004
0.4880000000000004
0.4880000000000004
0.4860000000000004
0.4860000000000004
0.4860000000000004
0.4850000000000004
0.4860000000000004
0.4840000000000004
0.4820000000000004
0.4820000000000004
0.48000000000000037
0.47800000000000037
0.47600000000000037
0.47500000000000037
0.47200000000000036
0.47100000000000036
0.47000000000000036
0.46800000000000036
0.46600000000000036
0.46100000000000035
0.45600000000000035
0.45200000000000035
0.44500000000000034
0.43900000000000033
0.4310000000000003
0.4230000000000003
0.4170000000000003
0.4040000000000003
0.3800000000000003
0.34600000000000025
0.34700000000000025
0.0
0.0
0.0
0.0
0.0
0.0
0.0
0.0
0.0
0.0
0.0
0.0
0.0
0.0
0.0
0.0
0.0
0.0
0.0
0.0
0.0
0.0
0.0
0.0
0.0
0.0
0.0
0.0
0.0
0.0
0.0
0.0
0.0
0.0
0.0
0.0
0.0
0.0
0.0
0.0
0.0
0.0
0.0
0.0
0.0
0.0
0.0
0.0
0.0
0.0
0.0
0.0
0.0
0.0
0.0
0.0
0.0
0.0
0.0
0.0
0.0
0.0
0.0
0.0
0.0
0.0
0.0
0.0
0.0
0.0
0.0
0.0
0.0
0.0
0.0
0.0
0.0
0.0
0.0
0.0
0.0
0.0
0.0
0.0
0.0
0.0
0.0
0.0
0.0
0.0
0.0
0.0
0.0
0.0
0.0
0.0
0.0
0.0
0.0
0.0
0.0
0.0
0.0
0.0
0.0
0.0
0.0
0.0
0.0
0.0
0.0
0.0
0.0
0.0
0.0
0.0
0.0
0.0
0.0
0.0
0.0
0.0
0.0
0.0
0.0
0.0
0.0
0.0
0.0
0.0
0.0
0.0
0.0
0.0
0.0
0.0
0.0
0.0
0.0
0.0
0.0
0.0
0.0
0.0
0.0
0.0
0.0
0.0
0.0
0.0
0.0
0.0
0.0
0.0
0.0
0.33900000000000025
0.3860000000000003
0.4040000000000003
0.4160000000000003
0.4240000000000003
0.4310000000000003
0.43800000000000033
0.44300000000000034
0.44800000000000034
0.45200000000000035
0.45500000000000035
0.45800000000000035
0.46000000000000035
0.46200000000000035
0.46500000000000036
0.46600000000000036
0.46700000000000036
0.46800000000000036
0.46900000000000036
0.47100000000000036
0.47300000000000036
0.47400000000000037
0.47600000000000037
0.47600000000000037
0.47800000000000037
0.47900000000000037
0.48000000000000037
0.48100000000000037
0.46600000000000036
0.46400000000000036
0.46400000000000036
0.46500000000000036
0.46500000000000036
0.46500000000000036
0.46600000000000036
0.4850000000000004
0.4900000000000004
0.4900000000000004
0.4900000000000004
0.4910000000000004
0.4910000000000004
0.4910000000000004
0.4910000000000004
0.4920000000000004
0.4920000000000004
0.48000000000000037
0.4820000000000004
0.4930000000000004
0.4830000000000004
0.4860000000000004
0.4940000000000004
0.4900000000000004
0.4860000000000004
0.4940000000000004
0.4980000000000004
0.4990000000000004
0.5000000000000003
0.5000000000000003
0.5000000000000003
0.5000000000000003
0.5010000000000003
0.5010000000000003
0.5020000000000003
0.5020000000000003
0.5010000000000003
0.5020000000000003
0.5010000000000003
0.5020000000000003
0.5000000000000003
0.5010000000000003
0.4940000000000004
0.4980000000000004
0.5020000000000003
0.5020000000000003
0.5030000000000003
0.5020000000000003
0.5020000000000003
0.5010000000000003
0.4970000000000004
0.4940000000000004
0.5010000000000003
0.5000000000000003
0.4990000000000004
0.4980000000000004
0.5010000000000003
0.47900000000000037
0.47200000000000036
0.4870000000000004
0.47600000000000037
0.46400000000000036
0.4940000000000004
0.4980000000000004
0.4940000000000004
0.4960000000000004
0.4970000000000004
0.4980000000000004
0.4970000000000004
0.4960000000000004
0.4950000000000004
0.4960000000000004
0.4960000000000004
0.4940000000000004
0.4930000000000004
0.4930000000000004
0.4920000000000004
0.4910000000000004
0.4910000000000004
0.4900000000000004
0.4890000000000004
0.4890000000000004
0.4880000000000004
0.4860000000000004
0.4850000000000004
0.4830000000000004
0.48100000000000037
0.48000000000000037
0.47800000000000037
0.47500000000000037
0.47400000000000037
0.47100000000000036
0.46900000000000036
0.46500000000000036
0.45900000000000035
0.45700000000000035
0.45300000000000035
0.44600000000000034
0.43700000000000033
0.4300000000000003
0.4230000000000003
0.4110000000000003
0.3920000000000003
0.0
0.0
0.0
0.0
0.0
0.0
0.0
0.0
0.0
0.0
0.0
0.0
0.0
0.0
0.0
0.0
0.0
0.0
0.0
0.0
0.0
0.0
0.0
0.0
0.0
0.0
0.0
0.0
0.0
0.0
0.0
0.0
0.0
0.0
0.0
0.0
0.0
0.0
0.0
0.0
0.0
0.0
0.0
0.0
0.0
0.0
0.0
0.0
0.0
0.0
0.0
0.0
0.0
0.0
0.0
0.0
0.0
0.0
0.0
0.0
0.0
0.0
0.0
0.0
0.0
0.0
0.0
0.0
0.0
0.0
0.0
0.0
0.0
0.0
0.0
0.0
0.0
0.0
0.0
0.0
0.0
0.0
0.0
0.0
0.0
0.0
0.0
0.0
0.0
0.0
0.0
0.0
0.0
0.0
0.0
0.0
0.0
0.0
0.0
0.0
0.0
0.0
0.0
0.0
0.0
0.0
0.0
0.0
0.0
0.0
0.0
0.0
0.0
0.0
0.0
0.0
0.0
0.0
0.0
0.0
0.0
0.0
0.0
0.0
0.0
0.0
0.0
0.0
0.0
0.0
0.0
0.0
0.0
0.0
0.0
0.0
0.0
0.0
0.0
0.0
0.0
0.0
0.0
0.0
0.0
0.0
0.0
0.0
0.0
0.0
0.0
0.0
0.0
0.0
0.0
0.0
0.0
0.0
0.0
0.35800000000000026
0.3910000000000003
0.4030000000000003
0.4110000000000003
0.4170000000000003
0.4240000000000003
0.4290000000000003
0.43400000000000033
0.43900000000000033
0.44300000000000034
0.44600000000000034
0.45000000000000034
0.45300000000000035
0.45500000000000035
0.45700000000000035
0.45900000000000035
0.46500000000000036
0.47100000000000036
0.46900000000000036
0.47200000000000036
0.47400000000000037
0.47500000000000037
0.4860000000000004
0.4870000000000004
0.4880000000000004
0.48000000000000037
0.47500000000000037
0.47400000000000037
0.47400000000000037
0.47500000000000037
0.47500000000000037
0.47600000000000037
0.47800000000000037
0.4860000000000004
0.4900000000000004
0.4950000000000004
0.4940000000000004
0.4940000000000004
0.4930000000000004
0.4960000000000004
0.4960000000000004
0.4970000000000004
0.4970000000000004
0.4890000000000004
0.4850000000000004
0.4950000000000004
0.4900000000000004
0.4860000000000004
0.4930000000000004
0.4930000000000004
0.4880000000000004
0.4950000000000004
0.4980000000000004
0.5000000000000003
0.5000000000000003
0.5000000000000003
0.5000000000000003
0.5000000000000003
0.5000000000000003
0.5000000000000003
0.5000000000000003
0.5000000000000003
0.5000000000000003
0.5010000000000003
0.5000000000000003
0.5000000000000003
0.5010000000000003
0.5010000000000003
0.5010000000000003
0.5000000000000003
0.5000000000000003
0.5000000000000003
0.5000000000000003
0.4990000000000004
0.5000000000000003
0.5000000000000003
0.5000000000000003
0.4990000000000004
0.47800000000000037
0.47100000000000036
0.4900000000000004
0.4900000000000004
0.4960000000000004
0.4990000000000004
0.4980000000000004
0.4990000000000004
0.5000000000000003
0.5000000000000003
0.5000000000000003
0.4990000000000004
0.5000000000000003
0.5000000000000003
0.4980000000000004
0.4900000000000004
0.4970000000000004
0.4960000000000004
0.4950000000000004
0.4950000000000004
0.4940000000000004
0.4950000000000004
0.4940000000000004
0.4930000000000004
0.4890000000000004
0.4900000000000004
0.4890000000000004
0.4890000000000004
0.4870000000000004
0.4850000000000004
0.4830000000000004
0.48100000000000037
0.48000000000000037
0.47900000000000037
0.47700000000000037
0.47600000000000037
0.47500000000000037
0.47400000000000037
0.47200000000000036
0.46900000000000036
0.46700000000000036
0.46600000000000036
0.46200000000000035
0.45900000000000035
0.45500000000000035
0.44700000000000034
0.44000000000000034
0.43400000000000033
0.4240000000000003
0.4110000000000003
0.3870000000000003
0.0
0.0
0.0
0.0
0.0
0.0
0.0
0.0
0.0
0.0
0.0
0.0
0.0
0.0
0.0
0.0
0.0
0.0
0.0
0.0
0.0
0.0
0.0
0.0
0.0
0.0
0.0
0.0
0.0
0.0
0.0
0.0
0.0
0.0
0.0
0.0
0.0
0.0
0.0
0.0
0.0
0.0
0.0
0.0
0.0
0.0
0.0
0.0
0.0
0.0
0.0
0.0
0.0
0.0
0.0
0.0
0.0
0.0
0.0
0.0
0.0
0.0
0.0
0.0
0.0
0.0
0.0
0.0
0.0
0.0
0.0
0.0
0.0
0.0
0.0
0.0
0.0
0.0
0.0
0.0
0.0
0.0
0.0
0.0
0.0
0.0
0.0
0.0
0.0
0.0
0.0
0.0
0.0
0.0
0.0
0.0
0.0
0.0
0.0
0.0
0.0
0.0
0.0
0.0
0.0
0.0
0.0
0.0
0.0
0.0
0.0
0.0
0.0
0.0
0.0
0.0
0.0
0.0
0.0
0.0
0.0
0.0
0.0
0.0
0.0
0.0
0.0
0.0
0.0
0.0
0.0
0.0
0.0
0.0
0.0
0.0
0.0
0.0
0.0
0.0
0.0
0.0
0.0
0.0
0.0
0.0
0.0
0.0
0.0
0.0
0.0
0.0
0.0
0.0
0.0
0.0
0.0
0.0
0.0
0.3780000000000003
0.4000000000000003
0.4110000000000003
0.4170000000000003
0.4230000000000003
0.4290000000000003
0.43600000000000033
0.43900000000000033
0.44300000000000034
0.44500000000000034
0.44800000000000034
0.44600000000000034
0.45200000000000035
0.45500000000000035
0.45800000000000035
0.46500000000000036
0.46900000000000036
0.47100000000000036
0.46800000000000036
0.46900000000000036
0.47400000000000037
0.47600000000000037
0.47800000000000037
0.47900000000000037
0.48000000000000037
0.48100000000000037
0.47100000000000036
0.46600000000000036
0.46700000000000036
0.46700000000000036
0.46800000000000036
0.46900000000000036
0.47000000000000036
0.4830000000000004
0.4880000000000004
0.4890000000000004
0.4900000000000004
0.4910000000000004
0.4920000000000004
0.4920000000000004
0.4930000000000004
0.4940000000000004
0.4940000000000004
0.4880000000000004
0.4820000000000004
0.4890000000000004
0.4900000000000004
0.4870000000000004
0.4850000000000004
0.4890000000000004
0.4850000000000004
0.4920000000000004
0.4940000000000004
0.4980000000000004
0.4980000000000004
0.4990000000000004
0.4990000000000004
0.4980000000000004
0.4990000000000004
0.4980000000000004
0.4990000000000004
0.4990000000000004
0.4980000000000004
0.4990000000000004
0.4990000000000004
0.4980000000000004
0.4990000000000004
0.4990000000000004
0.4990000000000004
0.4990000000000004
0.4990000000000004
0.4990000000000004
0.4990000000000004
0.4980000000000004
0.4990000000000004
0.4990000000000004
0.4980000000000004
0.4980000000000004
0.4980000000000004
0.4980000000000004
0.4980000000000004
0.4980000000000004
0.4980000000000004
0.4980000000000004
0.4980000000000004
0.4970000000000004
0.4980000000000004
0.4980000000000004
0.4980000000000004
0.4980000000000004
0.4960000000000004
0.4970000000000004
0.4980000000000004
0.4970000000000004
0.4960000000000004
0.4970000000000004
0.4960000000000004
0.4950000000000004
0.4940000000000004
0.4930000000000004
0.4930000000000004
0.4920000000000004
0.4920000000000004
0.4910000000000004
0.4900000000000004
0.4890000000000004
0.4890000000000004
0.4880000000000004
0.4860000000000004
0.4850000000000004
0.4840000000000004
0.4830000000000004
0.48100000000000037
0.48100000000000037
0.47900000000000037
0.47600000000000037
0.47400000000000037
0.46800000000000036
0.46900000000000036
0.46900000000000036
0.46400000000000036
0.46100000000000035
0.45700000000000035
0.45100000000000035
0.43900000000000033
0.4290000000000003
0.4240000000000003
0.4130000000000003
0.3920000000000003
0.0
0.0
0.0
0.0
0.0
0.0
0.0
0.0
0.0
0.0
0.0
0.0
0.0
0.0
0.0
0.0
0.0
0.0
0.0
0.0
0.0
0.0
0.0
0.0
0.0
0.0
0.0
0.0
0.0
0.0
0.0
0.0
0.0
0.0
0.0
0.0
0.0
0.0
0.0
0.0
0.0
0.0
0.0
0.0
0.0
0.0
0.0
0.0
0.0
0.0
0.0
0.0
0.0
0.0
0.0
0.0
0.0
0.0
0.0
0.0
0.0
0.0
0.0
0.0
0.0
0.0
0.0
0.0
0.0
0.0
0.0
0.0
0.0
0.0
0.0
0.0
0.0
0.0
0.0
0.0
0.0
0.0
0.0
0.0
0.0
0.0
0.0
0.0
0.0
0.0
0.0
0.0
0.0
0.0
0.0
0.0
0.0
0.0
0.0
0.0
0.0
0.0
0.0
0.0
0.0
0.0
0.0
0.0
0.0
0.0
0.0
0.0
0.0
0.0
0.0
0.0
0.0
0.0
0.0
0.0
0.0
0.0
0.0
0.0
0.0
0.0
0.0
0.0
0.0
0.0
0.0
0.0
0.0
0.0
0.0
0.0
0.0
0.0
0.0
0.0
0.0
0.0
0.0
0.0
0.0
0.0
0.0
0.0
0.0
0.0
0.0
0.0
0.0
0.0
0.0
0.0
0.0
0.0
0.3770000000000003
0.4010000000000003
0.4110000000000003
0.4200000000000003
0.4280000000000003
0.43200000000000033
0.43500000000000033
0.44200000000000034
0.44200000000000034
0.44800000000000034
0.45300000000000035
0.45700000000000035
0.46000000000000035
0.46100000000000035
0.46200000000000035
0.46500000000000036
0.46500000000000036
0.46400000000000036
0.46500000000000036
0.46900000000000036
0.47200000000000036
0.47400000000000037
0.47600000000000037
0.47700000000000037
0.47900000000000037
0.48000000000000037
0.48100000000000037
0.47000000000000036
0.46100000000000035
0.46100000000000035
0.46100000000000035
0.46100000000000035
0.46200000000000035
0.46200000000000035
0.47900000000000037
0.4870000000000004
0.4880000000000004
0.4890000000000004
0.4900000000000004
0.4900000000000004
0.4910000000000004
0.4920000000000004
0.4910000000000004
0.4920000000000004
0.4880000000000004
0.47700000000000037
0.4850000000000004
0.4870000000000004
0.4890000000000004
0.4820000000000004
0.48100000000000037
0.48100000000000037
0.4870000000000004
0.4890000000000004
0.4950000000000004
0.4950000000000004
0.4940000000000004
0.4950000000000004
0.4950000000000004
0.4950000000000004
0.4950000000000004
0.4940000000000004
0.4950000000000004
0.4940000000000004
0.4950000000000004
0.4950000000000004
0.4940000000000004
0.4940000000000004
0.4940000000000004
0.4940000000000004
0.4940000000000004
0.4940000000000004
0.4940000000000004
0.4940000000000004
0.4940000000000004
0.4940000000000004
0.4940000000000004
0.4940000000000004
0.4940000000000004
0.4940000000000004
0.4940000000000004
0.4950000000000004
0.4940000000000004
0.4960000000000004
0.4960000000000004
0.4960000000000004
0.4960000000000004
0.4950000000000004
0.4950000000000004
0.4950000000000004
0.4940000000000004
0.4940000000000004
0.4930000000000004
0.4930000000000004
0.4930000000000004
0.4930000000000004
0.4920000000000004
0.4920000000000004
0.4910000000000004
0.4900000000000004
0.4910000000000004
0.4900000000000004
0.4910000000000004
0.4900000000000004
0.4890000000000004
0.4880000000000004
0.4880000000000004
0.4870000000000004
0.4860000000000004
0.4860000000000004
0.4850000000000004
0.4830000000000004
0.48100000000000037
0.47800000000000037
0.47700000000000037
0.47600000000000037
0.47200000000000036
0.47100000000000036
0.46900000000000036
0.46700000000000036
0.46400000000000036
0.46100000000000035
0.45800000000000035
0.45500000000000035
0.44900000000000034
0.43900000000000033
0.4300000000000003
0.4280000000000003
0.4210000000000003
0.4080000000000003
0.4020000000000003
0.3800000000000003
0.0
0.0
0.0
0.0
0.0
0.0
0.0
0.0
0.0
0.0
0.0
0.0
0.0
0.0
0.0
0.0
0.0
0.0
0.0
0.0
0.0
0.0
0.0
0.0
0.0
0.0
0.0
0.0
0.0
0.0
0.0
0.0
0.0
0.0
0.0
0.0
0.0
0.0
0.0
0.0
0.0
0.0
0.0
0.0
0.0
0.0
0.0
0.0
0.0
0.0
0.0
0.0
0.0
0.0
0.0
0.0
0.0
0.0
0.0
0.0
0.0
0.0
0.0
0.0
0.0
0.0
0.0
0.0
0.0
0.0
0.0
0.0
0.0
0.0
0.0
0.0
0.0
0.0
0.0
0.0
0.0
0.0
0.0
0.0
0.0
0.0
0.0
0.0
0.0
0.0
0.0
0.0
0.0
0.0
0.0
0.0
0.0
0.0
0.0
0.0
0.0
0.0
0.0
0.0
0.0
0.0
0.0
0.0
0.0
0.0
0.0
0.0
0.0
0.0
0.0
0.0
0.0
0.0
0.0
0.0
0.0
0.0
0.0
0.0
0.0
0.0
0.0
0.0
0.0
0.0
0.0
0.0
0.0
0.0
0.0
0.0
0.0
0.0
0.0
0.0
0.0
0.0
0.0
0.0
0.0
0.0
0.0
0.0
0.0
0.0
0.0
0.0
0.0
0.0
0.0
0.0
0.0
0.3830000000000003
0.4040000000000003
0.4120000000000003
0.4210000000000003
0.4260000000000003
0.4310000000000003
0.43700000000000033
0.44300000000000034
0.44800000000000034
0.45100000000000035
0.45500000000000035
0.45800000000000035
0.46100000000000035
0.46300000000000036
0.46500000000000036
0.46800000000000036
0.46900000000000036
0.47100000000000036
0.47300000000000036
0.47400000000000037
0.47500000000000037
0.47700000000000037
0.47800000000000037
0.47800000000000037
0.48000000000000037
0.48000000000000037
0.47200000000000036
0.46200000000000035
0.46200000000000035
0.46300000000000036
0.46300000000000036
0.46400000000000036
0.46400000000000036
0.47900000000000037
0.4890000000000004
0.4900000000000004
0.4900000000000004
0.4910000000000004
0.4910000000000004
0.4910000000000004
0.4930000000000004
0.4920000000000004
0.4930000000000004
0.4920000000000004
0.47800000000000037
0.4850000000000004
0.4900000000000004
0.4930000000000004
0.4900000000000004
0.48100000000000037
0.48100000000000037
0.4890000000000004
0.4900000000000004
0.4960000000000004
0.4970000000000004
0.4970000000000004
0.4970000000000004
0.4970000000000004
0.4970000000000004
0.4970000000000004
0.4980000000000004
0.4970000000000004
0.4970000000000004
0.4970000000000004
0.4980000000000004
0.4980000000000004
0.4980000000000004
0.4970000000000004
0.4970000000000004
0.4970000000000004
0.4970000000000004
0.4970000000000004
0.4970000000000004
0.4970000000000004
0.4960000000000004
0.4960000000000004
0.4970000000000004
0.4980000000000004
0.4980000000000004
0.4980000000000004
0.4980000000000004
0.4980000000000004
0.4980000000000004
0.4980000000000004
0.4980000000000004
0.4970000000000004
0.4970000000000004
0.4970000000000004
0.4960000000000004
0.4960000000000004
0.4960000000000004
0.4960000000000004
0.4960000000000004
0.4960000000000004
0.4950000000000004
0.4940000000000004
0.4930000000000004
0.4940000000000004
0.4930000000000004
0.4930000000000004
0.4930000000000004
0.4910000000000004
0.4910000000000004
0.4900000000000004
0.4890000000000004
0.4880000000000004
0.4870000000000004
0.4870000000000004
0.4870000000000004
0.4850000000000004
0.4830000000000004
0.48100000000000037
0.47700000000000037
0.47600000000000037
0.47700000000000037
0.47600000000000037
0.47400000000000037
0.47100000000000036
0.46800000000000036
0.46700000000000036
0.46300000000000036
0.45900000000000035
0.45500000000000035
0.44700000000000034
0.43700000000000033
0.4290000000000003
0.4240000000000003
0.4130000000000003
0.3940000000000003
0.34700000000000025
0.34700000000000025
0.0
0.0
0.0
0.0
0.0
0.0
0.0
0.0
0.0
0.0
0.0
0.0
0.0
0.0
0.0
0.0
0.0
0.0
0.0
0.0
0.0
0.0
0.0
0.0
0.0
0.0
0.0
0.0
0.0
0.0
0.0
0.0
0.0
0.0
0.0
0.0
0.0
0.0
0.0
0.0
0.0
0.0
0.0
0.0
0.0
0.0
0.0
0.0
0.0
