0.011128634860404475
0.010606555674311364
0.011214221291471631
0.011630273069744824
0.004181353714696685
0.0016797348195902375
0.002965514036677645
0.16007693289394814
0.22255438217994622
0.23196909690346557
0.08531709141747275
0.1153645775118146
0.8757243632605789
0.8788271912737718
0.7808181484033363
0.7210525371976799
0.7698981049708031
0.8499625477828737
0.779158849882862
0.17604887887628373
0.038845327272631534
0.033992599791555625
0.026836426641081167
0.04374536959587192
0.41957911035865353
0.8069041603487437
0.6637882777829509
0.6843099150521633
0.6723340021467136
0.6411508640353111
0.6690334395916435
0.7459667957436338
0.7224452111371953
0.7629678636969739
0.71236983724394
0.6916775377692963
0.38858414757723403
0.397874710469734
0.8975341498270601
0.870690487590803
0.8150748818376996
0.7818101960210341
0.8499060379728549
0.7838164348618851
0.8510574413348045
0.7724370473790587
0.7419814663075189
0.4495515875943496
0.680190178964801
0.6922844820874018
0.7891318174634057
0.7125495829449662
0.7293405863276897
1.1754669826989976
1.2156234902016003
1.1801499412568466
2.221903515924785
2.223751573526184
2.29905257997712
2.230186124528378
2.8668067132281556
2.8790687694423402
2.8776295466049837
2.9060360370924907
2.8747921148188906
2.897053961880163
2.918260476858086
2.9265920859441557
2.929331951585
2.9403606292102675
2.88716255617867
2.876940581359155
2.967488912258109
2.9536271610525313
2.964298305682189
2.1611055093076477
2.1723452541469914
2.634906554324181
2.917087506168816
2.909673835251662
2.8982450781276876
2.909737173512525
2.9840960909589267
2.9934172961289827
2.9380243346797994
2.877406963344386
2.8911461093772526
2.91014945208719
2.887803647031647
2.7880344910869876
2.7761867243166036
2.783591137414962
2.7770479796246654
2.7615902755297785
2.8048867621816633
2.814168071275317
2.465925153747158
2.45714754888849
2.354778440738727
2.438064478222679
2.386740109750759
2.3942561761744545
2.4022480526361507
2.2933765805348036
2.20728263194129
2.1457286351784846
2.3554254586277175
2.380327711618756
1.7313122158251302
1.636210487226207
1.7261581556317727
1.7561126847171644
1.8920053250878488
1.9738266937287026
1.8873840751838642
1.8352933789426427
1.9192132624431644
1.9207769031359245
1.821452008656306
1.7777650466994326
1.1433077764273858
1.3242186017526651
1.3954541806713356
1.154406474261853
1.1962010399701786
1.1098035634555095
0.987839496964182
0.9488377762197509
0.8939056565821037
0.8392451777752102
0.7936709033769627
0.9192053010104753
0.21439219990579603
0.16143725406074436
0.15781172347720077
0.04793947897302735
0.05083890872625765
0.04614104583753244
0.5461413538039684
0.5458783494346952
0.5120752469655709
0.5883132149911217
0.47390093526405547
0.5287088939417526
0.03151080739387788
0.030935908285312196
0.05308051085520999
0.18800327123100805
0.23483061027911448
0.02788988055770661
0.028272890596961222
0.02972789122808698
0.02899929922873385
0.030465355257947004
0.03973954235566181
0.030477261487768453
0.0013761809964169067
0.00142892345178209
0.0014011243222929943
0.0014292806472872906
0.0011914451156282712
0.0012432446019414482
0.0013230540696090966
0.0013495984588631311
0.001401663442971007
0.0013228541450593897
0.0013993276858979109
0.0016135229239549085
0.0
0.0
0.0
0.0
0.0
0.0
0.0
0.0
0.0
0.0
0.0
0.0
0.0
0.0
0.0
0.0
0.0
0.0
0.0
0.0
0.0
0.0
0.0
0.0
0.0
0.0
0.0
0.0
0.0
0.0
0.0
0.0
0.0
0.0
0.0
0.0
0.0
0.0
0.0
0.0
0.0
0.0
0.0
0.0
0.0
0.0
0.0
0.0
0.0
0.0
0.0
0.0
0.0
0.0
0.0
0.0
0.0
0.0
0.0
0.0
0.0
0.0
0.0
0.0
0.0
0.0
0.0
0.0
0.0
0.0
0.0
0.0
0.0
0.0
0.0
0.0
0.0
0.0
0.0
0.0
0.0
0.0
0.0
0.0
0.0
0.0
0.0
0.0
0.0
0.0
0.0
0.0
0.0
0.0
0.0
0.0
0.0
0.0
0.0
0.0
0.0
0.0
0.0
0.0
0.0
0.0
0.0
0.0
0.0
0.0
0.0
0.0
0.0
0.0
0.0
0.0
0.0
0.0
0.0
0.0
0.012193301410020233
0.011691542092325601
0.010661701780620175
0.011716008906892063
0.012450094758970805
0.005976450700526803
0.009988855956377541
0.008938947933802293
0.008271758863324647
0.014880640167840473
0.015138072130628386
0.01391529675161525
0.20479653648598492
0.30779721182221925
0.40647879249967134
0.45062314205088644
0.5325369010323834
0.5885939767449138
0.5481705368712632
0.49855631074078915
0.0770599685067954
0.015762814422757843
0.025335455232731945
0.05199072752539234
0.44144456474749366
0.33292506796611826
0.5649047249338208
0.6277052793694566
0.6607026572324396
0.6495738338034871
0.6139563238564345
0.65079537105423
0.6092140779366141
0.637460380752432
0.679670714395457
0.7060053835964876
1.3729874895563583
1.5028178278503552
1.450509394283576
1.7141307505217838
1.4323661895937059
1.315083959025608
1.3939667122203825
1.419786748986682
1.3744422929746767
1.4402978086125888
1.5469826237164677
1.72694380472632
2.269616612465516
2.3183428395139667
2.345856865110805
2.4676871879751934
1.8555393458216842
1.611898495128188
1.5050927391713882
1.456913750518233
1.6934448486047118
1.5997796118101026
1.5467087391087586
1.1262357517815647
1.9255953736582714
2.305102281048353
2.2344884421048268
2.3474644092996395
2.2895850739657293
2.3470727041594253
1.840805584591088
1.8158057754621693
1.3065641874431455
1.5939326739311326
1.2707643658729348
1.3264213270733995
1.2411913299325286
1.424678849792544
3.3125159321901485
3.394980669532436
2.8693589496858305
1.5208781302533985
1.9026316394771992
1.9030613996521966
2.8391996513939586
2.300189005800596
2.7295590527920157
3.0404369923905143
3.0451008370541235
2.2239225119318955
1.4283007957366751
1.4217971254498287
1.624984855835875
2.1843157852196566
1.7220711622033968
2.364483371212443
2.1769667266108477
2.9064064692343177
2.7416544965064915
2.7427310847749267
2.791045207487845
2.7962616252927437
2.6992152389303823
2.778566590885218
2.601539354952062
2.527943444616091
1.3549639428252878
1.9410649194153775
2.4128182738570056
2.412757132517409
2.333151891910134
2.159985535006581
2.129655842686033
2.189486027849438
2.0385294799354403
1.6497266108517015
1.8797551083587096
1.9925563585800787
1.9399820306916913
1.8192711248146927
1.2661494379845335
1.5800522507934762
1.396810391862345
0.7325781561581226
0.7753877197769075
0.7687996699808807
0.6406047019348866
0.5098231396775098
0.4064411131820899
0.40045025498705905
0.4557046471285097
0.43712653935872814
0.3676657603946059
0.3310413407588982
0.2963281763538922
0.27357234036196887
0.2644115066569639
0.23574588978431765
0.21788605066267877
0.18204066325596913
0.15704854176109131
0.13228499929192206
0.10105922423659318
0.05322042498393829
0.023278469201146564
0.011119521827029069
0.0
0.0
0.0
0.0
0.0
0.0
0.0
0.0
0.0
0.0
0.0
0.0
0.0
0.0
0.0
0.0
0.0
0.0
0.0
0.0
0.0
0.0
0.0
0.0
0.0
0.0
0.0
0.0
0.0
0.0
0.0
0.0
0.0
0.0
0.0
0.0
0.0
0.0
0.0
0.0
0.0
0.0
0.0
0.0
0.0
0.0
0.0
0.0
0.0
0.0
0.0
0.0
0.0
0.0
0.0
0.0
0.0
0.0
0.0
0.0
0.0
0.0
0.0
0.0
0.0
0.0
0.0
0.0
0.0
0.0
0.0
0.0
0.0
0.0
0.0
0.0
0.0
0.0
0.0
0.0
0.0
0.0
0.0
0.0
0.0
0.0
0.0
0.0
0.0
0.0
0.0
0.0
0.0
0.0
0.0
0.0
0.0
0.0
0.0
0.0
0.0
0.0
0.0
0.0
0.0
0.0
0.0
0.0
0.0
0.0
0.0
0.0
0.0
0.0
0.0
0.0
0.0
0.0
0.0
0.0
0.0
0.0
0.0
0.0
0.0
0.0
0.0
0.0
0.0
0.0
0.0
0.0
0.0
0.0
0.0
0.0
0.0
0.0
0.0
0.0
0.0
0.0
0.0
0.0
0.0
0.0
0.0
0.0
0.0
0.0
0.0
0.0
0.0
0.0
0.0
0.0
0.0
0.0
0.0
0.0
0.0
0.008109490275443507
0.029319567388935014
0.04832908624272347
0.0710182841540799
0.09738970012099853
0.11427811510533871
0.18934425492281332
0.21709423534044825
0.21006835149458192
0.23778833692896295
0.41897851616051296
0.4882660771136302
0.5908158149205982
0.6496378712997255
0.7087273473759838
0.6826155532167358
0.8833543160068863
0.9548731242616804
1.03766655199881
1.093571373036808
1.1624570173358169
1.2269952604982046
1.2908386451424823
1.3767240016174174
1.4359211510179408
1.4957361801524365
1.473247111598555
0.5572925552128146
0.693704901741326
0.6552509835207563
0.6676341995064577
0.5751937597247616
0.516830892106275
0.6077448894339137
1.299211383620133
2.2803993148569632
2.195286784874288
2.078395605231871
2.127591071326316
2.304677700542327
2.593884725808148
2.571665316292272
2.588239790885735
2.2828455912928436
1.056404565979377
1.3844464396339762
1.418244267566316
1.2405770076851759
2.522564012758323
2.7774375289687216
1.9540309701354603
1.6427451721959994
2.2516875362108766
3.0107609342081103
2.991049180929422
3.06416576637999
1.7576366421725023
3.098916562203367
2.8090552931841852
1.8940818150261762
2.826540079759399
3.0691339351571263
3.1580116358721044
3.1361228102145304
3.042492491952671
2.7321400520555166
3.195769133104405
3.2433158601463257
3.2266920258466287
3.207303634273207
3.1706274904385046
3.1608913871449364
3.16957197970543
3.163774790870268
3.136906500232287
3.09824987590949
3.083721265520472
3.0758206996188324
3.030223091066288
3.0343289712125703
2.9476857011329978
2.9832382476903754
2.8667795675489445
2.9575882348357743
2.919009154531502
2.6410888716807603
2.1997041323276894
2.9041262973040403
2.266946846747134
2.8229181000519135
2.569191602245647
2.7450755235999242
2.791742599135102
1.7463696067939827
1.6709402382635026
1.749271108620127
2.1733385413960407
2.1865774500536084
2.2331427360764136
1.405995057537831
2.046375142873934
1.3835938043487568
1.611400797921811
2.062774589911377
2.171214870505544
1.8140012556033656
1.8540803227167748
1.1718458076804394
0.8518577589694276
1.4925049766127407
1.236125496102582
0.7985065140763814
0.4730723171559201
0.8012165031032722
0.5629187776079576
0.7449916565332945
0.8873266605097895
0.7172986558684962
0.2315912852827589
0.19928921021713059
0.3755706202713736
0.25660263699483393
0.17551124932343037
0.16845000590999964
0.1337191108873555
0.14763061762573404
0.08586040680125777
0.07596954241337427
0.0559854112465302
0.02361892885135905
0.0
0.0
0.0
0.0
0.0
0.0
0.0
0.0
0.0
0.0
0.0
0.0
0.0
0.0
0.0
0.0
0.0
0.0
0.0
0.0
0.0
0.0
0.0
0.0
0.0
0.0
0.0
0.0
0.0
0.0
0.0
0.0
0.0
0.0
0.0
0.0
0.0
0.0
0.0
0.0
0.0
0.0
0.0
0.0
0.0
0.0
0.0
0.0
0.0
0.0
0.0
0.0
0.0
0.0
0.0
0.0
0.0
0.0
0.0
0.0
0.0
0.0
0.0
0.0
0.0
0.0
0.0
0.0
0.0
0.0
0.0
0.0
0.0
0.0
0.0
0.0
0.0
0.0
0.0
0.0
0.0
0.0
0.0
0.0
0.0
0.0
0.0
0.0
0.0
0.0
0.0
0.0
0.0
0.0
0.0
0.0
0.0
0.0
0.0
0.0
0.0
0.0
0.0
0.0
0.0
0.0
0.0
0.0
0.0
0.0
0.0
0.0
0.0
0.0
0.0
0.0
0.0
0.0
0.0
0.0
0.0
0.0
0.0
0.0
0.0
0.0
0.0
0.0
0.0
0.0
0.0
0.0
0.0
0.0
0.0
0.0
0.0
0.0
0.0
0.0
0.0
0.0
0.0
0.0
0.0
0.0
0.0
0.0
0.0
0.0
0.0
0.0
0.0
0.0
0.0
0.0
0.0
0.0024803788592014635
0.022953091654024767
0.05446249438794501
0.08374472298371757
0.09361799330380931
0.11358896163701725
0.1642961172068498
0.21924363914092515
0.27148342916003915
0.327562975162351
0.3877611719784749
0.44107572291205377
0.4949829212016462
0.5604380350492449
0.6437684374778372
0.7285074956877946
0.7101442325730405
0.8429056272703582
0.934771511863737
0.9580638777449167
1.0656934090424026
1.1590690012128055
1.234747937364393
1.259872602850825
1.360005808083016
1.4589267323708661
1.5120745889508995
1.5277833561510419
0.586922496850881
0.5219143303417514
0.5260460639736223
0.5372341151583989
0.5520666244434408
0.5842914880373221
0.6315393163238999
1.8685599880311057
2.0809834618546637
2.166004323160955
2.0679990141609013
2.3326347421153804
2.3062554797194803
1.9859097367479648
2.403379644038308
1.5419570241698317
1.7711788007239526
0.8611397983659863
1.4580905118532135
2.1223101543958474
1.1492165395901717
2.0718541095707375
2.744996595575773
1.946705442390344
1.5125850787739927
2.3031298320201605
2.890638245801673
2.9475589312836497
2.9524005201380072
2.9955918668593187
2.988605849464119
3.086465745958538
3.076560575869525
3.0964392670125918
3.111345705208807
3.132511603589423
2.904327167068363
2.1237314460708165
2.063799977508848
1.1184940180485616
2.2473843528020283
3.019640197731695
3.0080865332137683
2.9698062496188258
3.0148974447407317
3.0650273784880024
3.013023809527787
3.001091221422105
2.9932699784712846
2.9258475352578306
2.9278269348544677
2.9151427434997634
2.918118415905081
2.861164056107581
2.8335544811411983
2.801986518324382
2.7164341077932215
2.685255023735369
2.6332200349594492
2.545372271882379
2.4979805423687758
2.4707690366364767
2.4174561542917234
2.408922234483995
2.301354678892
2.2222143817267783
2.1390117501662558
2.080789121984682
2.042642663825917
1.9749419005790287
1.94312669359219
1.8768475625921437
1.7807647793588073
1.7174617029463612
1.606211311747795
1.5907274717477948
1.5394591742786663
1.4619340349646457
1.4325137552155565
1.3665551735531871
1.3384392496180153
1.2790408028170825
1.182474837836936
1.1178645699432281
1.0629756624474622
0.9271819289827764
0.8774244505652901
0.8286815545490562
0.7420404639559668
0.6901618154067868
0.6390456506941332
0.5764476673200853
0.5071871236894411
0.41545073225086476
0.33190597702304214
0.27099683983290174
0.2034097570097553
0.16124803338976718
0.10950329915997262
0.07907423208735277
0.05912136483758638
0.03312515493693295
0.01128215903462938
0.0025514203051480553
0.0025589406509523454
0.0
0.0
0.0
0.0
0.0
0.0
0.0
0.0
0.0
0.0
0.0
0.0
0.0
0.0
0.0
0.0
0.0
0.0
0.0
0.0
0.0
0.0
0.0
0.0
0.0
0.0
0.0
0.0
0.0
0.0
0.0
0.0
0.0
0.0
0.0
0.0
0.0
0.0
0.0
0.0
0.0
0.0
0.0
0.0
0.0
0.0
0.0
0.0
0.0
0.0
0.0
0.0
0.0
0.0
0.0
0.0
0.0
0.0
0.0
0.0
0.0
0.0
0.0
0.0
0.0
0.0
0.0
0.0
0.0
0.0
0.0
0.0
0.0
0.0
0.0
0.0
0.0
0.0
0.0
0.0
0.0
0.0
0.0
0.0
0.0
0.0
0.0
0.0
0.0
0.0
0.0
0.0
0.0
0.0
0.0
0.0
0.0
0.0
0.0
0.0
0.0
0.0
0.0
0.0
0.0
0.0
0.0
0.0
0.0
0.0
0.0
0.0
0.0
0.0
0.0
0.0
0.0
0.0
0.0
0.0
0.0
0.0
0.0
0.0
0.0
0.0
0.0
0.0
0.0
0.0
0.0
0.0
0.0
0.0
0.0
0.0
0.0
0.0
0.0
0.0
0.0
0.0
0.0
0.0
0.0
0.0
0.0
0.0
0.0
0.0
0.0
0.0
0.0
0.0
0.0
0.00250128188211008
0.020088823588054392
0.045214609135986024
0.07779935142416741
0.10777416532372683
0.14842772722258626
0.2035356146526515
0.2559778766894859
0.3159878769314725
0.3730922463235457
0.43050368245830595
0.4847982640257022
0.5428738689611438
0.5828967532600442
0.6706419083711398
0.7255459784605574
0.7514470889614625
0.7779148230454671
0.8142518255399539
0.9042986639684027
0.9754646571006794
1.0495862485973142
1.1219361098168048
1.1287330408384357
1.2312958832713536
1.2954118142758706
1.3672551069775447
1.4358961575278197
0.7684170054159133
0.6766556083553845
0.6876973631094828
0.7058836182212104
0.7164650641198024
0.7280147214998991
0.7432926338190822
1.6998760582170986
2.018718817298735
2.0780997538817094
2.1240269796720956
2.1752903907982004
2.2103432027654137
2.243140947991337
2.271161320637106
2.3132570285003413
2.3631956797549583
1.3658753361738127
1.4120273509272305
2.18406164642605
1.4301916560144998
1.6108178346228166
2.3453179221569695
1.9547900267898528
1.618528025442489
2.2229669718091274
2.6696791255816392
2.7505323866446374
2.8157317274317695
2.8325499675994297
2.855393202841605
2.9267838585793102
2.95062504857802
3.0678347507542374
3.0887362401863476
3.1046642887109375
3.0201457927214506
3.0658909422349825
3.0757829104263683
3.12245801605485
2.932788185660731
3.067695385040799
2.272397616944503
2.6833245234349707
3.149262422603746
3.2137008167609293
3.2114410471506085
3.087872064874169
3.099818101267612
2.9068756864706318
2.4358772820108197
2.1835466649078272
2.8770108360206916
2.8314040745449383
2.616142902538652
2.474656646260182
2.812291865342714
1.0967305549892825
0.7951396186705322
1.5193612314697251
0.9235002425132133
0.5757512026034203
2.0116201537566525
2.387081471932848
1.9926900187370404
2.089618602109069
2.223528811542104
2.21537127907151
2.171214870505544
2.007838536904315
1.9632847825410311
1.9724287716584128
1.9462102108938275
1.7865713792099227
1.7083069541948357
1.699374707132269
1.6211853868121542
1.5626487568728689
1.4935468497467335
1.425903273045183
1.3632879659144035
1.302982791277754
1.227175255618923
1.1487526186343406
1.073199499517005
0.9552218996754497
0.8823294632028044
0.841823586790806
0.7693482445735706
0.6930238283324042
0.6418334158573246
0.5556027634827697
0.514082281330282
0.4255500192726975
0.3342019887161148
0.29818148587288584
0.24776131267192403
0.18361056305502207
0.12418271111037645
0.08994319840312993
0.0663155005423046
0.03983010462433772
0.017492666250411276
0.0
0.0
0.0
0.0
0.0
0.0
0.0
0.0
0.0
0.0
0.0
0.0
0.0
0.0
0.0
0.0
0.0
0.0
0.0
0.0
0.0
0.0
0.0
0.0
0.0
0.0
0.0
0.0
0.0
0.0
0.0
0.0
0.0
0.0
0.0
0.0
0.0
0.0
0.0
0.0
0.0
0.0
0.0
0.0
0.0
0.0
0.0
0.0
0.0
0.0
0.0
0.0
0.0
0.0
0.0
0.0
0.0
0.0
0.0
0.0
0.0
0.0
0.0
0.0
0.0
0.0
0.0
0.0
0.0
0.0
0.0
0.0
0.0
0.0
0.0
0.0
0.0
0.0
0.0
0.0
0.0
0.0
0.0
0.0
0.0
0.0
0.0
0.0
0.0
0.0
0.0
0.0
0.0
0.0
0.0
0.0
0.0
0.0
0.0
0.0
0.0
0.0
0.0
0.0
0.0
0.0
0.0
0.0
0.0
0.0
0.0
0.0
0.0
0.0
0.0
0.0
0.0
0.0
0.0
0.0
0.0
0.0
0.0
0.0
0.0
0.0
0.0
0.0
0.0
0.0
0.0
0.0
0.0
0.0
0.0
0.0
0.0
0.0
0.0
0.0
0.0
0.0
0.0
0.0
0.0
0.0
0.0
0.0
0.0
0.0
0.0
0.0
0.0
0.0
0.0
0.0
0.0
0.0
0.0
0.005291406338634833
0.023278469201146564
0.03903820616264183
0.05519667012207198
0.07161361462139455
0.09827197473168077
0.12195286061131687
0.15281295195073924
0.18757272795555438
0.21905877271433638
0.25432172466599096
0.3003421168979284
0.3433077938110937
0.3755901105525067
0.40812913560733594
0.45521121817544175
0.5871974430644964
0.7577491555890333
0.7055585103428629
0.7911290770951894
0.8698843001761231
0.9301170658269048
1.4643387636756884
1.5492525908462176
1.5951363943970978
1.119169508721545
0.9408078127645708
0.8730572816568136
0.8658319271690056
0.9034368418937715
0.9370399726006367
0.9933335856204456
1.0463194442709383
1.4926939675809416
1.8094728017492814
2.2077912013183423
2.1443611272029086
2.2148950950717614
2.112338096576691
2.3398005121342447
2.4137572304596517
2.460346045320246
2.4547685529813386
1.7058250260611154
1.4590159574675179
2.174679726149126
1.772400755316314
1.4970531247704697
2.0329687814367627
2.028377008339017
1.6432842746708765
2.2588355201708006
2.5779486771640823
2.7758780089711683
2.8314040745449383
2.8463353096555517
2.8810905702254437
2.8920421807141836
2.896008328255167
2.9188515634973426
2.932788185660731
2.9297894847641026
2.9367543332017143
2.98437907419686
2.940720480742698
2.960551218447616
2.9496223234929677
2.9655186428372295
2.9575704831650986
2.9267838585793102
2.9684835135295837
2.8831562356284905
2.838403014573585
2.660103057946753
2.8563468528453315
2.910919268415376
2.8563468528453315
2.6671189597077207
1.0930759722478804
0.8261032491120895
1.8276882398209449
1.78794805367697
2.2429303342224953
2.552292116136166
2.477118701853191
2.513554485254829
2.5737787959754814
2.6001643328115507
2.5534212486126973
2.4638861029512875
2.5083435990433975
2.4267024253179263
2.315095086754182
1.6297825987418975
2.1267057723750726
1.9015870698705748
1.8517392632929337
1.8399598050962125
1.7630600565869718
1.8308916505388415
1.8375125782263164
1.6708921519302395
1.3847553923189817
1.4998444402069622
1.4182780446204788
1.3103057983204773
1.227807561222375
1.1214155765825413
1.0365590621316458
0.9492062828144621
0.8814654420139244
0.8252404833675983
0.7647987282727644
0.7163546985852035
0.6713106585527987
0.6443251039659182
0.5851425257512312
0.5110367645687515
0.4704935097962794
0.4266678976332928
0.3675384526329315
0.31674240169372997
0.2659199342954961
0.1977776161980775
0.1482128923238404
0.11373926781584442
0.07289891732110616
0.03983010462433772
0.014389555528150647
0.0
0.0
0.0
0.0
0.0
0.0
0.0
0.0
0.0
0.0
0.0
0.0
0.0
0.0
0.0
0.0
0.0
0.0
0.0
0.0
0.0
0.0
0.0
0.0
0.0
0.0
0.0
0.0
0.0
0.0
0.0
0.0
0.0
0.0
0.0
0.0
0.0
0.0
0.0
0.0
0.0
0.0
0.0
0.0
0.0
0.0
0.0
0.0
0.0
0.0
0.0
0.0
0.0
0.0
0.0
0.0
0.0
0.0
0.0
0.0
0.0
0.0
0.0
0.0
0.0
0.0
0.0
0.0
0.0
0.0
0.0
0.0
0.0
0.0
0.0
0.0
0.0
0.0
0.0
0.0
0.0
0.0
0.0
0.0
0.0
0.0
0.0
0.0
0.0
0.0
0.0
0.0
0.0
0.0
0.0
0.0
0.0
0.0
0.0
0.0
0.0
0.0
0.0
0.0
0.0
0.0
0.0
0.0
0.0
0.0
0.0
0.0
0.0
0.0
0.0
0.0
0.0
0.0
0.0
0.0
0.0
0.0
0.0
0.0
0.0
0.0
0.0
0.0
0.0
0.0
0.0
0.0
0.0
0.0
0.0
0.0
0.0
0.0
0.0
0.0
0.0
0.0
0.0
0.0
0.0
0.0
0.0
0.0
0.0
0.0
0.0
0.0
0.0
0.0
0.0
0.0
0.0
0.0
0.0
0.01405667874084458
0.035743415054531665
0.058285892843987254
0.07798149399906304
0.10133266632337276
0.12833821298184162
0.17637204527442854
0.20059776505826038
0.23555326346585612
0.2637204768953193
0.30259826187904093
0.2845660900780185
0.3633178479555882
0.41358360498157304
0.471548877875407
0.6288099680354213
0.7472844451972814
0.810610627410045
0.7433164657253131
0.7765368025153034
0.9746399234878802
1.0572416878622886
1.1253138388682613
1.1974060768366341
1.2654639782067638
1.3379116590919353
0.8689848424065342
0.6978642585949348
0.7235448745890986
0.738119868151125
0.7633258391876218
0.8007393298340811
0.8267941192817205
1.4885723056969156
1.8778192737631225
1.9398747637124745
2.029221904276742
2.110967350220225
2.1648065957434213
2.20456954527221
2.2521959329410306
2.319466914720716
2.390000882589568
1.7828767517586501
1.3747389120633973
1.9372752866387493
1.9994632240034245
1.7198675913479409
1.593272967672086
1.9023652559830115
1.5845024143890882
2.1499318967476198
2.3555193655992355
2.733166653110261
2.7884706144217364
2.8477437396738474
2.867534815903355
2.8537518673028206
2.8972444109417053
2.918045261125451
2.935837870029199
2.9318796547832973
2.9111053828365123
2.930883800269206
2.9318796547832973
2.9516555140522596
2.980366931105639
2.9773903041101515
2.9308662598377815
2.934824475083683
2.9308662598377815
2.9031587531164704
2.8873258921328633
2.878542431617254
2.882393138208512
2.8705184924708074
2.8774535650077384
2.849801584352001
2.8360500067709387
2.8172523794897675
2.7747462082864267
2.7240761157180016
2.71008244501467
2.6578282767291808
2.6091568255756066
2.557870949094943
2.562147545360803
2.5330784589585744
2.46592364879464
2.404473467900894
2.1829606895085045
2.3104880655606066
2.296224964063996
2.2449697880436266
2.1787015882343543
2.1303620158158165
2.068088225380512
2.0038515344088035
1.9489116210206265
1.8921754313894896
1.8209386907915597
1.7511809199940813
1.6898762152392623
1.6202723684106706
1.5701970871561217
1.4929936459764368
1.4430533512901589
1.3626609145642248
1.285826361656044
1.1972376176903368
1.1445967628741278
1.0644308595759664
0.9562204917335161
0.9418806452936448
0.8686148393347131
0.7476934771434696
0.6662313457445963
0.5027738363141124
0.500206848772239
0.500206848772239
0.41491340221401324
0.3705944487784625
0.3017081762424233
0.22656526600064028
0.13137855246991553
0.08665088634904114
0.06969695956991949
0.043111274705813274
0.017475579806032482
0.0
0.0
0.0
0.0
0.0
0.0
0.0
0.0
0.0
0.0
0.0
0.0
0.0
0.0
0.0
0.0
0.0
0.0
0.0
0.0
0.0
0.0
0.0
0.0
0.0
0.0
0.0
0.0
0.0
0.0
0.0
0.0
0.0
0.0
0.0
0.0
0.0
0.0
0.0
0.0
0.0
0.0
0.0
0.0
0.0
0.0
0.0
0.0
0.0
0.0
0.0
0.0
0.0
0.0
0.0
0.0
0.0
0.0
0.0
0.0
0.0
0.0
0.0
0.0
0.0
0.0
0.0
0.0
0.0
0.0
0.0
0.0
0.0
0.0
0.0
0.0
0.0
0.0
0.0
0.0
0.0
0.0
0.0
0.0
0.0
0.0
0.0
0.0
0.0
0.0
0.0
0.0
0.0
0.0
0.0
0.0
0.0
0.0
0.0
0.0
0.0
0.0
0.0
0.0
0.0
0.0
0.0
0.0
0.0
0.0
0.0
0.0
0.0
0.0
0.0
0.0
0.0
0.0
0.0
0.0
0.0
0.0
0.0
0.0
0.0
0.0
0.0
0.0
0.0
0.0
0.0
0.0
0.0
0.0
0.0
0.0
0.0
0.0
0.0
0.0
0.0
0.0
0.0
0.0
0.0
0.0
0.0
0.0
0.0
0.0
0.0
0.0
0.0
0.0
0.0
0.0
0.0
0.0
0.014019181905282268
0.038830340753230545
0.06136562775727324
0.0910418644487593
0.1280385001409698
0.1518978046032411
0.1794107108847924
0.23850865294931642
0.24544009649415272
0.31232801687856787
0.40141460526842476
0.47327608777385
0.5456034851765604
0.5928938584881905
0.6036695030338903
0.7026726621954099
0.7058836182212104
0.6982787881616179
0.7349076501853762
0.8566054003477391
0.9762571693316214
1.092206802273251
1.1864201622906239
1.2691911117728554
1.333646421795287
1.4106292642876275
1.475937849009719
0.8903870703975608
0.5920968190099447
0.6065213267736915
0.6134254821409356
0.6278458374543688
0.6420631126305425
0.6526148456868196
1.403509295949603
2.038802751471543
2.070429687314845
2.137693143471891
2.212162435487496
2.28994693685438
2.3592201817109992
2.4293755658709557
2.4121488794710033
2.4511228457178547
2.0697208455698153
1.2850998186395686
1.8267741378871043
2.04652880688138
2.158761273821113
1.6126389256918223
1.58152104892257
1.5357358417094549
2.0746692755792076
2.2410817486602648
2.817972709386269
2.817972709386269
2.8043140742678387
2.8376051397141384
2.833678653648565
2.810119737255122
2.8444901734344934
2.8876807162916527
2.8582390217761304
2.84255929905414
2.9132098266941635
2.884735154234469
2.872006501209686
2.8984753533426564
2.8749640307197057
2.872006501209686
2.8524458831718937
2.8367395172752596
2.875957205794845
2.8867196920311806
2.84167245507891
2.839697046785279
2.853367798174153
2.8308036377426653
2.8298564755512023
2.783780992496764
2.7278032919852047
2.706760779788394
2.6805028287792774
2.661994095494183
2.645023290041417
2.5956445957871543
2.5532408819586094
2.4912333958694406
2.4465759223612173
2.402570314553401
2.3680177562853264
2.3171137084127924
2.2551944790928484
2.2136452003915377
2.154254708411473
2.114131645539913
2.0562224317765465
1.9983580356609962
1.9132683752436743
1.895790569460283
1.8364618769370278
1.7586122346222
1.6931724426349697
1.634310036415426
1.5582914715096543
1.5045339038184427
1.4324498511089185
1.37154985323636
1.2995564668326665
1.2357101213281747
1.1826422882364396
1.0874186507235073
1.025502431292659
0.9141525983418584
0.8756758059156587
0.8120000918004426
0.7352798961783945
0.6831495812853907
0.6134039248495482
0.5505075496787258
0.4738531283424575
0.4189704794009646
0.3575071141513649
0.3071439910017687
0.23545338461970403
0.15110828301993767
0.10623075571024247
0.09607966562577101
0.06915195903943916
0.03955748538251915
0.029938276067710004
0.011274747391059098
0.0
0.0
0.0
0.0
0.0
0.0
0.0
0.0
0.0
0.0
0.0
0.0
0.0
0.0
0.0
0.0
0.0
0.0
0.0
0.0
0.0
0.0
0.0
0.0
0.0
0.0
0.0
0.0
0.0
0.0
0.0
0.0
0.0
0.0
0.0
0.0
0.0
0.0
0.0
0.0
0.0
0.0
0.0
0.0
0.0
0.0
0.0
0.0
0.0
0.0
0.0
0.0
0.0
0.0
0.0
0.0
0.0
0.0
0.0
0.0
0.0
0.0
0.0
0.0
0.0
0.0
0.0
0.0
0.0
0.0
0.0
0.0
0.0
0.0
0.0
0.0
0.0
0.0
0.0
0.0
0.0
0.0
0.0
0.0
0.0
0.0
0.0
0.0
0.0
0.0
0.0
0.0
0.0
0.0
0.0
0.0
0.0
0.0
0.0
0.0
0.0
0.0
0.0
0.0
0.0
0.0
0.0
0.0
0.0
0.0
0.0
0.0
0.0
0.0
0.0
0.0
0.0
0.0
0.0
0.0
0.0
0.0
0.0
0.0
0.0
0.0
0.0
0.0
0.0
0.0
0.0
0.0
0.0
0.0
0.0
0.0
0.0
0.0
0.0
0.0
0.0
0.0
0.0
0.0
0.0
0.0
0.0
0.0
0.0
0.0
0.0
0.0
0.0
0.0
0.0
0.0
0.0
0.017076937151449905
0.042127564977503425
0.061529812527509276
0.0912549541028776
0.1146610421022516
0.14534976133639915
0.19010493409599358
0.2460147015346067
0.29549092548559824
0.3524420231146011
0.40983690641054327
0.4785005805391354
0.5441460332502831
0.6059030811808553
0.6576730939659374
0.7314400060941929
0.7943605191846453
0.8646737610888536
0.9320466878726097
0.9836198391693837
1.0547666053646325
1.1192734235055726
1.1941968269612824
1.2608002102716618
1.341056119981113
1.396798496953197
0.945151357309224
0.6077448894339137
0.6221991305721577
0.6442283721257805
0.6370968079197529
0.6520153813133923
0.6630571360674907
1.3030109529643954
1.9611946678637235
2.0271821198911075
2.066735131461379
2.1399954882358525
2.1979126147537977
2.2555822930961225
2.35152248997329
2.380393359246931
2.448479985496275
2.284390455769798
1.2456336620749406
1.6619717366106543
2.067853414404318
2.35152248997329
2.1402889473243323
1.408230843240363
1.4830781760987526
2.0075862270680758
2.1349676632626533
2.82054493635094
2.886576538329691
2.9289605509177132
2.956557005507877
2.9653954820172155
2.9516256743720453
2.9989338822408977
3.0147043208908504
3.0097647613805147
3.0205883911975437
3.022501919245357
3.03548849332185
3.0275879274202113
3.015737078567752
2.9969342872631177
3.0343289712125703
3.001764649105884
2.9693378326729536
2.9851072352959043
2.9851072352959043
2.952557701115148
2.936808540390503
2.917136448587224
2.902345940952641
2.8716025533283163
2.837003794243866
2.8063484718929845
2.7675292281770187
2.7030759381890697
2.6793742404841514
2.658316632614366
2.605206542624787
2.5649053652875256
2.4964757949404124
2.4570522883830357
2.448364066347684
2.3862163019350615
2.3696756991345698
2.3177715423011738
2.2547335893044624
2.220824897985566
2.146875824471342
2.049466355501699
1.9639466899055384
1.980271723592718
1.8569798381108011
1.8254495724099056
1.8031738674595337
1.679852130525943
1.6236274376089412
1.5914423404321516
1.5152862713424011
1.4348236708122977
1.3694876476065292
1.3360388629613476
1.2789574546552598
1.156494704246968
1.0728023033315588
0.9705415132908687
0.8071232366072597
0.7844410065377734
0.7968263138845854
0.7368612346257384
0.6695485212635888
0.5979602663191881
0.5311184560778008
0.48713138758458224
0.41709340509228154
0.3549236369513874
0.2934029862981434
0.21116745028724687
0.1307791336407614
0.09299025005162889
0.07599473889207922
0.04619702682491252
0.02051178038890063
0.0025555618468660864
0.002558102247716487
0.0
0.0
0.0
0.0
0.0
0.0
0.0
0.0
0.0
0.0
0.0
0.0
0.0
0.0
0.0
0.0
0.0
0.0
0.0
0.0
0.0
0.0
0.0
0.0
0.0
0.0
0.0
0.0
0.0
0.0
0.0
0.0
0.0
0.0
0.0
0.0
0.0
0.0
0.0
0.0
0.0
0.0
0.0
0.0
0.0
0.0
0.0
0.0
0.0
